L1S1_J0P-1C1Topi1Matrix_pion0MMag	1	0.5
L1S1_J0P-1C1Topi1Matrix_pion0MPhi	0	0.2
L1S0_pi1MatrixTopion0M_etaMag	1	0.5
L1S0_pi1MatrixTopion0M_etaPhi	0	0.2
pi1MatrixJ0P-1C1b_pi11600Mag	2.899684101616801	1
pi1MatrixJ0P-1C1b_pi11600Phi	-0.3537081273644582	0.2
pi1MatrixJ1P1C1b_pi11600Mag	17.61150215989081	1
pi1MatrixJ1P1C1b_pi11600Phi	-3.562563214491397	0.2
pi1MatrixJ2P-1C1b_pi11600Mag	0.02100424256380541	1
pi1MatrixJ2P-1C1b_pi11600Phi	2.7264523434396	0.2
pi1MatrixJ2P1C1b_pi11600Mag	-0.8569821611058879	1
pi1MatrixJ2P1C1b_pi11600Phi	1.049185124991949	0.2
pi1MatrixJ3P1C1b_pi11600Mag	2.69064429327101	1
pi1MatrixJ3P1C1b_pi11600Phi	2.487961907186057	0.2
pi1MatrixJ4P-1C1b_pi11600Mag	3.054759978794441	1
pi1MatrixJ4P-1C1b_pi11600Phi	0.6313602361138321	0.2
pi1MatrixJ4P1C1b_pi11600Mag	0.7153045440420543	1
pi1MatrixJ4P1C1b_pi11600Phi	-0.7460584690092117	0.2
pi11600Mass	1.382277875709202	0.001	1.334	1.49
pi11600pion0etagFactor	0.528500335671987	0.00160147023683152	0.168	0.53
pi11600pion0etaprimegFactor	0.8497365789206728	0.006030942377917958	0.615	0.85
bg000pi1Matrix	0.4996484912243506	0.0001	0	0.5
bg001pi1Matrix	-1.199964069861064	0.005046589347017849	-1.2	1.2
bg011pi1Matrix	0	0.3
bgPVec00pi1Matrix	0	0.002129106190788543	-1	1
bgPVec01pi1Matrix	0	0.3
L0S0_J0P-1C1Tof0Matrix_etaMag	1	0.5
L0S0_J0P-1C1Tof0Matrix_etaPhi	0	0.2
L0S0_f0MatrixTopion0A_pion0BMag	1	0.5
L0S0_f0MatrixTopion0A_pion0BPhi	0	0.2
f0MatrixJ0P-1C1bEtaRec_f0500Mag	1.510829022934658	0.01246035746234305
f0MatrixJ0P-1C1bEtaRec_f0500Phi	2.602034333632437	0.03051466629709368
f0MatrixJ0P-1C1bEtaRec_f0980Mag	1.103017088947666	0.02617828556770107
f0MatrixJ0P-1C1bEtaRec_f0980Phi	0.2029739960697649	0.03106974214536363
f0MatrixJ0P-1C1bEtaRec_f01370Mag	-5.509512287146314	0.05751909405126726
f0MatrixJ0P-1C1bEtaRec_f01370Phi	0.8170157241832775	0.0350400218533865
f0MatrixJ0P-1C1bEtaRec_f01500Mag	21.11998117343014	0.04451779236912039
f0MatrixJ0P-1C1bEtaRec_f01500Phi	-2.081750514782549	0.0209666158002064
f0MatrixJ0P-1C1bEtaRec_f01710Mag	8.556052191868964	0.3312713791446888
f0MatrixJ0P-1C1bEtaRec_f01710Phi	-1.470810872233084	0.03257994935028801
f0MatrixJ1P1C1bEtaRec_f0500Mag	-1.629172191990383	0.05644666969847358
f0MatrixJ1P1C1bEtaRec_f0500Phi	-2.496485252611078	0.03647819475249318
f0MatrixJ1P1C1bEtaRec_f0980Mag	-0.6280024918029127	0.0913671130258548
f0MatrixJ1P1C1bEtaRec_f0980Phi	-4.27124288024547	0.05304036242346695
f0MatrixJ1P1C1bEtaRec_f01370Mag	8.255682041026938	0.1449897589780372
f0MatrixJ1P1C1bEtaRec_f01370Phi	-2.935785119066013	0.1155558461237551
f0MatrixJ1P1C1bEtaRec_f01500Mag	-61.05183647013004	0.1486287336114162
f0MatrixJ1P1C1bEtaRec_f01500Phi	1.423056938842044	0.09057398309435456
f0MatrixJ1P1C1bEtaRec_f01710Mag	34.32001782309905	0.810034508873039
f0MatrixJ1P1C1bEtaRec_f01710Phi	0.1612424609136867	0.2791390590976484
f0MatrixJ2P-1C1bEtaRec_f0500Mag	0.1104839087303944	0.01541560282173651
f0MatrixJ2P-1C1bEtaRec_f0500Phi	2.828562367413892	0.04519381528466462
f0MatrixJ2P-1C1bEtaRec_f0980Mag	0.2119862877995509	0.03981846650386672
f0MatrixJ2P-1C1bEtaRec_f0980Phi	1.210598291627279	0.02974627232332382
f0MatrixJ2P-1C1bEtaRec_f01370Mag	-0.5820464596422716	0.07129915852634955
f0MatrixJ2P-1C1bEtaRec_f01370Phi	0.8898495419705115	0.0517808401215946
f0MatrixJ2P-1C1bEtaRec_f01500Mag	1.733586188354528	0.05760333706452932
f0MatrixJ2P-1C1bEtaRec_f01500Phi	-3.97442408098438	0.04035950305825103
f0MatrixJ2P-1C1bEtaRec_f01710Mag	0.657652371002912	0.3836569587855799
f0MatrixJ2P-1C1bEtaRec_f01710Phi	-1.688991598432679	0.05350675549297251
f0MatrixJ3P1C1bEtaRec_f0500Mag	0.6923621371091082	0.01865281549636423
f0MatrixJ3P1C1bEtaRec_f0500Phi	1.673839867061741	0.01926462598672224
f0MatrixJ3P1C1bEtaRec_f0980Mag	-0.4204076198083314	0.03937664439338521
f0MatrixJ3P1C1bEtaRec_f0980Phi	-3.122687254887852	0.02851282673069783
f0MatrixJ3P1C1bEtaRec_f01370Mag	-2.964016653659119	0.08891051898571567
f0MatrixJ3P1C1bEtaRec_f01370Phi	-1.198625931415942	0.09881576596348564
f0MatrixJ3P1C1bEtaRec_f01500Mag	-57.90198675615199	0.054390904557865
f0MatrixJ3P1C1bEtaRec_f01500Phi	0.2726758556943475	0.01974468061659927
f0MatrixJ3P1C1bEtaRec_f01710Mag	8.524390858269221	0.4550342479342595
f0MatrixJ3P1C1bEtaRec_f01710Phi	-1.222443321741818	0.06212141082586647
f0MatrixJ4P-1C1bEtaRec_f0500Mag	-4.73722142859078	0.9614430432313957
f0MatrixJ4P-1C1bEtaRec_f0500Phi	3.396212290015052	0.04302376605194513
f0MatrixJ4P-1C1bEtaRec_f0980Mag	-15.12268347518409	1.595684030564597
f0MatrixJ4P-1C1bEtaRec_f0980Phi	3.114257038345219	0.05467308103462003
f0MatrixJ4P-1C1bEtaRec_f01370Mag	-34.91682548105119	3.470619856450171
f0MatrixJ4P-1C1bEtaRec_f01370Phi	3.013353226677715	0.1436330293960122
f0MatrixJ4P-1C1bEtaRec_f01500Mag	685.3755213987065	2.385235512982177
f0MatrixJ4P-1C1bEtaRec_f01500Phi	0.1629062709013589	0.05195868774721355
f0MatrixJ4P-1C1bEtaRec_f01710Mag	-31.38984145539792	21.11133658368884
f0MatrixJ4P-1C1bEtaRec_f01710Phi	1.57927125281	0.3696134206929266
f0500Mass	0.5145994090574288	0.002	0.3	0.5145999999999999
f0980Mass	0.9203326059282447	0.002	0.85	1.05
f01370Mass	1.240012537701049	0.002	1.24	1.45
f01500Mass	1.438065891772496	0.002	1.37	1.6
f01710Mass	1.679312606193623	0.002	1.6	1.8
f0500pion+pion-gFactor	0.7499999997031664	0.02	0.1	0.75
f0500pipieffpipieffgFactor	-0.01252745111365834	0.0002885583365270228	-0.01257	0.02
f0500K+K0gFactor	0.2753499678913954	0.0001529400789428148	-0.3	0.27535
f0500etaetagFactor	-0.1499999904884627	0.0001672408664763203	-0.15	0.15
f0500etaetaprimegFactor	0.3599977028200279	0.0004618512114976658	-0.36	0.36
f0980pion+pion-gFactor	0.06352217689585726	0.0009846079483674663	0	2
f0980pipieffpipieffgFactor	0.007112374192828175	0.0006861506805351247	-0.5	0.1
f0980K+K0gFactor	0.660097314186605	0.0005520940046952749	0	1.1
f0980etaetagFactor	0.4658512067067037	0.0003146525154270607	-0.2	0.5
f0980etaetaprimegFactor	0.1288251792630981	0.0003465434043085081	-0.1	0.2
f01370pion+pion-gFactor	-0.2373307034423678	0.001997758379301051	-1	1
f01370pipieffpipieffgFactor	0.03680458838677292	0.001509635663538733	-0.5	0.85
f01370K+K0gFactor	0.7302395850404337	0.001747006418299502	-0.5	1.2
f01370etaetagFactor	0.03204340556490876	0.003568096206247373	0	1
f01370etaetaprimegFactor	0.2675798934529717	0.003046479299559035	-0.5	1
f01500pion+pion-gFactor	0.01292411044995976	0.0006701784014372381	0.0129	0.5
f01500pipieffpipieffgFactor	0.2691181556148103	0.0006800620637432697	0.269	1
f01500K+K0gFactor	0.01398347189626009	0.002044531399106042	-0.4	1
f01500etaetagFactor	0.009486838796044034	0.0005906752856102981	-0.2	1
f01500etaetaprimegFactor	-0.05290019397504325	0.0004550327022527778	-0.2	1
f01710pion+pion-gFactor	-0.1567371714442638	0.003268426958230208	-0.5	1
f01710pipieffpipieffgFactor	0.2265224645367495	0.00862143569260776	0	1
f01710K+K0gFactor	0.1629349219348215	0.005295288556606548	0	1
f01710etaetagFactor	0.09188536581842105	0.004234810211860229	0	1
f01710etaetaprimegFactor	-0.2798124258447879	0.007948330759211142	-0.3	1
bg000f0Matrix	0.03696500792089097	0.004492302148699667	-0.1	0.1
bg001f0Matrix	0	0.3	-1	1
bg002f0Matrix	-0.01319212681693017	0.005694160433246109	-0.1	0.1
bg003f0Matrix	-0.01696072296017319	0.006184848563847045	-0.1	0.1
bg004f0Matrix	0.01506657342062145	0.01046201525296286	-0.1	0.1
bg011f0Matrix	0	0.3	-1	1
bg012f0Matrix	0	0.3	-1	1
bg013f0Matrix	0	0.3	-1	1
bg014f0Matrix	0	0.3	-1	1
bg022f0Matrix	0.01524787660913138	0.006722233968995184	-0.1	0.1
bg023f0Matrix	0.04048887642292134	0.005672081391092876	-0.1	0.1
bg024f0Matrix	-0.01358151960405221	0.008268682961553475	-0.1	0.1
bg033f0Matrix	-0.09422910012417615	0.00682708538726795	-0.14	0.14
bg034f0Matrix	-0.05117581886809566	0.002868755772640452	-0.1	0.1
bg044f0Matrix	-0.2819580376780684	0.004831748937980773	-0.282	0.282
s0f0Matrix	0.009112500000000001	0.01	0	0.1
bgPVecEtaRec00f0Matrix	-0.0477328429869244	0.01	-0.2	0.2
bgPVecEtaRec01f0Matrix	0	0.3	-5	5
bgPVecEtaRec02f0Matrix	0	0.3	-5	5
bgPVecEtaRec03f0Matrix	0	0.3	-5	5
bgPVecEtaRec04f0Matrix	0	0.3	-5	5
L2S2_J0P-1C1Tof2Matrix_etaMag	1	0.5
L2S2_J0P-1C1Tof2Matrix_etaPhi	0	0.2
L2S0_f2MatrixTopion0A_pion0BMag	1	0.5
L2S0_f2MatrixTopion0A_pion0BPhi	0	0.2
f2MatrixJ0P-1C1bEtaRec_f21270Mag	4.223707831723559	0.04030911073305372
f2MatrixJ0P-1C1bEtaRec_f21270Phi	3.663790258696785	0.05591183305643052
f2MatrixJ0P-1C1bEtaRec_f21525Mag	-97.2797325179682	0.5651555894170349
f2MatrixJ0P-1C1bEtaRec_f21525Phi	-1.72674160088511	0.01835678360570939
f2MatrixJ0P-1C1bEtaRec_f21565Mag	-144.827838512527	0.6034256329690648
f2MatrixJ0P-1C1bEtaRec_f21565Phi	-0.6451151112110285	0.02717297785081478
f2MatrixJ0P-1C1bEtaRec_f21810Mag	-128.3835455183837	0.657999598848016
f2MatrixJ0P-1C1bEtaRec_f21810Phi	2.975900189499129	0.02457936543279361
f2MatrixJ1P1C1bEtaRec_f21270Mag	-2.481606285681296	0.04118487567104692
f2MatrixJ1P1C1bEtaRec_f21270Phi	1.427986187239371	0.04744057368758449
f2MatrixJ1P1C1bEtaRec_f21525Mag	10.57302138622166	0.5039918533946696
f2MatrixJ1P1C1bEtaRec_f21525Phi	2.079198258378	0.05253000536758876
f2MatrixJ1P1C1bEtaRec_f21565Mag	-44.83523114033891	0.6071114851277662
f2MatrixJ1P1C1bEtaRec_f21565Phi	-0.9299074214507514	0.03463637273994843
f2MatrixJ1P1C1bEtaRec_f21810Mag	58.1453165066178	0.5386523308371982
f2MatrixJ1P1C1bEtaRec_f21810Phi	2.299513377112834	0.0370837738867154
f2MatrixJ2P-1C1bEtaRec_f21270Mag	1.098635569324723	0.02200344868515665
f2MatrixJ2P-1C1bEtaRec_f21270Phi	3.10181049096603	0.03051841246462053
f2MatrixJ2P-1C1bEtaRec_f21525Mag	5.450887264351856	0.3201335895465305
f2MatrixJ2P-1C1bEtaRec_f21525Phi	4.717922404093829	0.01030617055570903
f2MatrixJ2P-1C1bEtaRec_f21565Mag	19.44500899821546	0.198873146878377
f2MatrixJ2P-1C1bEtaRec_f21565Phi	0.06182797681904022	0.02927279334646086
f2MatrixJ2P-1C1bEtaRec_f21810Mag	19.51514672069868	0.2802768415961995
f2MatrixJ2P-1C1bEtaRec_f21810Phi	3.157114133627254	0.01302002391402177
f2MatrixJ2P1C1bEtaRec_f21270Mag	1.274155949594361	0.02487368976332446
f2MatrixJ2P1C1bEtaRec_f21270Phi	-1.086047401706584	0.03638241268675088
f2MatrixJ2P1C1bEtaRec_f21525Mag	22.08242117214726	0.07430345685946572
f2MatrixJ2P1C1bEtaRec_f21525Phi	0.8961748153268854	1.162103287536554
f2MatrixJ2P1C1bEtaRec_f21565Mag	54.15435622129106	0.181452359525887
f2MatrixJ2P1C1bEtaRec_f21565Phi	1.813956757542335	0.05679882851633407
f2MatrixJ2P1C1bEtaRec_f21810Mag	34.45398255652078	0.1741062275689766
f2MatrixJ2P1C1bEtaRec_f21810Phi	-1.153269991375524	0.1218833735807969
f2MatrixJ3P1C1bEtaRec_f21270Mag	1.526407532916391	0.01242537967943705
f2MatrixJ3P1C1bEtaRec_f21270Phi	-2.815465399276087	0.03084228988244841
f2MatrixJ3P1C1bEtaRec_f21525Mag	9.937590881869035	0.0904251075993944
f2MatrixJ3P1C1bEtaRec_f21525Phi	3.09383617609458	0.02577225809566488
f2MatrixJ3P1C1bEtaRec_f21565Mag	-20.90653964416944	0.1526775012591303
f2MatrixJ3P1C1bEtaRec_f21565Phi	1.221494684890499	0.08855665441779512
f2MatrixJ3P1C1bEtaRec_f21810Mag	31.42483827139688	0.08339285539542424
f2MatrixJ3P1C1bEtaRec_f21810Phi	3.867407756079372	0.03443446738040459
f2MatrixJ4P-1C1bEtaRec_f21270Mag	-53.19775579405867	0.1276662473786739
f2MatrixJ4P-1C1bEtaRec_f21270Phi	2.72561929597997	0.1019563491441056
f2MatrixJ4P-1C1bEtaRec_f21525Mag	635.3693440583382	2.712601608412021
f2MatrixJ4P-1C1bEtaRec_f21525Phi	0.3002745466376323	0.01605348069933761
f2MatrixJ4P-1C1bEtaRec_f21565Mag	-2547.132317364023	1.759298026973455
f2MatrixJ4P-1C1bEtaRec_f21565Phi	1.187062480501894	0.09439526165111339
f2MatrixJ4P-1C1bEtaRec_f21810Mag	2265.8322692142	1.728274195677162
f2MatrixJ4P-1C1bEtaRec_f21810Phi	-2.24561995169665	0.01304359253268484
f2MatrixJ4P1C1bEtaRec_f21270Mag	0.3914429900983138	0.01386196308640143
f2MatrixJ4P1C1bEtaRec_f21270Phi	-3.230635036238599	0.07413541092201605
f2MatrixJ4P1C1bEtaRec_f21525Mag	-8.569692910916279	0.1694022131161631
f2MatrixJ4P1C1bEtaRec_f21525Phi	-1.507105512933222	0.01709377164167674
f2MatrixJ4P1C1bEtaRec_f21565Mag	7.023692814300743	0.3399793984019203
f2MatrixJ4P1C1bEtaRec_f21565Phi	-1.027086568600463	0.1675955525601208
f2MatrixJ4P1C1bEtaRec_f21810Mag	4.441636943622309	0.152371163329088
f2MatrixJ4P1C1bEtaRec_f21810Phi	1.849917171719754	0.02695000309767157
f21270Mass	1.152329037894058	0.001	1.1	1.25
f21525Mass	1.422340481685953	0.001	1.38	1.63
f21565Mass	1.805868335021123	0.001	1.48	1.855
f21810Mass	1.76867410105595	0.001	1.5	1.9
f21270pion+pion-gFactor	0.3960137883752545	0.001	0	1
f21270pipieffpipieffgFactor	0.1741531809840833	0.001	0	0.5
f21270K+K0gFactor	-0.08633447990369686	0.001	-0.2	0.5
f21270etaetagFactor	0.06225428005736444	0.001	-0.1	0.5
f21525pion+pion-gFactor	0.01822082833711908	0.001	-0.1	0.03
f21525pipieffpipieffgFactor	0.2683669908522413	0.001	-0.3	0.27
f21525K+K0gFactor	0.4670337088573159	0.001	0.4	2
f21525etaetagFactor	0.1892921440144648	0.001	0.15	0.5
f21565pion+pion-gFactor	-0.2011902015873049	0.001	-0.3	0.6
f21565pipieffpipieffgFactor	0.2754435969384255	0.001	0	0.5
f21565K+K0gFactor	0.4027241343385843	0.001	-1	0.7
f21565etaetagFactor	-0.1552601656391194	0.001	-0.523	0.5
f21810pion+pion-gFactor	-0.196746272813134	0.001	-0.5	0.5
f21810pipieffpipieffgFactor	0.4136105693604742	0.001	-0.2	0.5
f21810K+K0gFactor	-0.3739574241173352	0.001	-0.5	0.5
f21810etaetagFactor	0.265544480746159	0.001	0	0.5
bg000f2Matrix	-0.03894386206476441	0.001	-0.125	0.125
bg001f2Matrix	0	0.03	-1	1
bg002f2Matrix	0.00959697497258033	0.001	-0.125	0.125
bg003f2Matrix	0.02750148183997797	0.001	-0.125	0.125
bg011f2Matrix	0	0.3	-1	1
bg012f2Matrix	0	0.3	-1	1
bg013f2Matrix	0	0.3	-3.5	3.5
bg022f2Matrix	0.02358851640952039	0.001	-0.125	0.125
bg023f2Matrix	0.10450623300995	0.001	-0.15	0.15
bg033f2Matrix	-0.06443415723587904	0.001	-0.15	0.15
bgPVecEtaRec00f2Matrix	0.0313666022043903	0.001	-0.25	0.25
bgPVecEtaRec01f2Matrix	0	0.3	-5	5
bgPVecEtaRec02f2Matrix	0	0.3	-5	5
bgPVecEtaRec03f2Matrix	0	0.3	-5	5
L0S0_J0P-1C1Toa0MatrixPiRecM_pion0MMag	1	1
L0S0_J0P-1C1Toa0MatrixPiRecM_pion0MPhi	0	0.3
L0S0_a0MatrixPiRecMTopion0M_etaMag	1	1
L0S0_a0MatrixPiRecMTopion0M_etaPhi	0	0.3
a0MatrixPiRecMJ0P-1C1b_a980Mag	0.7649933644374755	0.007886235702995277
a0MatrixPiRecMJ0P-1C1b_a980Phi	3.054747638257578	0.04279291625979521
a0MatrixPiRecMJ0P-1C1b_a1450Mag	1.425107246468824	0.009623839543662718
a0MatrixPiRecMJ0P-1C1b_a1450Phi	0.7796630433059252	0.05066441219158902
a0MatrixPiRecMJ1P1C1b_a980Mag	3.336826865762066	0.02622290334833648
a0MatrixPiRecMJ1P1C1b_a980Phi	0.4306049008779316	0.04783264336295686
a0MatrixPiRecMJ1P1C1b_a1450Mag	10.06798283500967	0.04402821872219487
a0MatrixPiRecMJ1P1C1b_a1450Phi	1.170925546900647	0.0364528947156619
a0MatrixPiRecMJ2P-1C1b_a980Mag	0.298762377469383	0.009028381111279064
a0MatrixPiRecMJ2P-1C1b_a980Phi	0.0783003318161825	0.04110429253653829
a0MatrixPiRecMJ2P-1C1b_a1450Mag	-0.1251613706098685	0.01167658395219387
a0MatrixPiRecMJ2P-1C1b_a1450Phi	-0.6374621942997899	0.1476298699197016
a0MatrixPiRecMJ3P1C1b_a980Mag	0.6700260550103107	0.01182594092113122
a0MatrixPiRecMJ3P1C1b_a980Phi	-1.862204809063422	0.04437707179487128
a0MatrixPiRecMJ3P1C1b_a1450Mag	1.839218663955369	0.01611546552682572
a0MatrixPiRecMJ3P1C1b_a1450Phi	0.3315257421339995	0.04347231557920329
a0MatrixPiRecMJ4P-1C1b_a980Mag	-0.3277491869627922	0.3851014490238995
a0MatrixPiRecMJ4P-1C1b_a980Phi	-4.486703939408425	0.5204405052658041
a0MatrixPiRecMJ4P-1C1b_a1450Mag	6.423431795375368	0.7427989609649892
a0MatrixPiRecMJ4P-1C1b_a1450Phi	-1.022282575939992	0.1324975085624537
a980Mass	0.9500415176365665	0.001118946641568419	0.9	1.07
a1450Mass	1.261783130575482	0.002051777577887881	1.2	1.5
a980pion0etagFactor	0.4319660156758952	0.003137612018071612	0.1	0.432
a980K+K0gFactor	-0.2685990178494153	0.02343147050730716	-0.5	0.4
a1450pion0etagFactor	0.3018795633778552	0.007472648899760015	0.2	0.6
a1450K+K0gFactor	0.3484591537806581	0.03569225808589335	-0.2	0.7
L2S2_J0P-1C1Toa2MatrixPiRecM_pion0MMag	1	1
L2S2_J0P-1C1Toa2MatrixPiRecM_pion0MPhi	0	0.3
L2S0_a2MatrixPiRecMTopion0M_etaMag	1	1
L2S0_a2MatrixPiRecMTopion0M_etaPhi	0	0.3
a2MatrixPiRecMJ1P1C1a2MatrixAmpMag	1	0.3
a2MatrixPiRecMJ1P1C1a2MatrixAmpPhi	0	0.3
a2MatrixPiRecMJ0P-1C1b_a21320Mag	2.239368090536364	0.01240086881287564
a2MatrixPiRecMJ0P-1C1b_a21320Phi	-1.916187891745997	0.1036398190706881
a2MatrixPiRecMJ0P-1C1b_a21700Mag	1.512391334910547	0.02018523699900969
a2MatrixPiRecMJ0P-1C1b_a21700Phi	1.867929945140842	0.05709562619423372
a2MatrixPiRecMJ1P1C1b_a21320Mag	3.117719397897106	0.05833728534551676
a2MatrixPiRecMJ1P1C1b_a21320Phi	0.4736322729016324	0.03995207959525909
a2MatrixPiRecMJ1P1C1b_a21700Mag	2.965128627407913	0.04999542848041785
a2MatrixPiRecMJ1P1C1b_a21700Phi	-3.14252426215343	0.1090233732127167
a2MatrixPiRecMJ2P-1C1b_a21320Mag	0.3090010019143909	0.003162292127997929
a2MatrixPiRecMJ2P-1C1b_a21320Phi	3.553918692095865	0.03851501169671199
a2MatrixPiRecMJ2P-1C1b_a21700Mag	0.3487516603089592	0.009057946209658068
a2MatrixPiRecMJ2P-1C1b_a21700Phi	0.4792898422428533	0.02494070097225628
a2MatrixPiRecMJ2P1C1b_a21320Mag	0.2787373932290521	0.009744598329666511
a2MatrixPiRecMJ2P1C1b_a21320Phi	-1.680480839463185	0.03835837047899963
a2MatrixPiRecMJ2P1C1b_a21700Mag	-0.1253668899565025	0.01740466149617595
a2MatrixPiRecMJ2P1C1b_a21700Phi	-1.614460729607118	0.1246501518011833
a2MatrixPiRecMJ3P1C1b_a21320Mag	0.8435437346997929	0.02474758723278639
a2MatrixPiRecMJ3P1C1b_a21320Phi	-2.056618403308001	0.03391924115309047
a2MatrixPiRecMJ3P1C1b_a21700Mag	0.6276731172919165	0.02948804789947598
a2MatrixPiRecMJ3P1C1b_a21700Phi	0.3482556052812243	0.3208009633209996
a2MatrixPiRecMJ4P-1C1b_a21320Mag	5.306034187319431	0.4362864546748997
a2MatrixPiRecMJ4P-1C1b_a21320Phi	-0.6906751930930101	0.08798594540862743
a2MatrixPiRecMJ4P-1C1b_a21700Mag	4.758279599946722	0.9583691203869532
a2MatrixPiRecMJ4P-1C1b_a21700Phi	0.4036703199185769	0.1390350702825075
a2MatrixPiRecMJ4P1C1b_a21320Mag	0.2635852419740468	0.02487807820208962
a2MatrixPiRecMJ4P1C1b_a21320Phi	0.6748631840921151	0.06192505410508003
a2MatrixPiRecMJ4P1C1b_a21700Mag	0.1174199856191202	0.06750498727256457
a2MatrixPiRecMJ4P1C1b_a21700Phi	2.396627163070869	0.4323001431536583
a21320Mass	1.270488541011557	0.001	1.25	1.36
a21700Mass	1.549133138723287	0.001	1.549	1.745
a21320pion0etagFactor	0.3959002053010612	0.00317129132952812	0	0.5
a21320K+K0gFactor	0.2009470868912124	0.003862605631526655	0	0.6
a21700pion0etagFactor	0.4020750858004463	0.006378655794706811	0.15	0.7
a21700K+K0gFactor	-0.4999544640105938	0.006	-0.5	0.5
L0S1_J1P1C1Topi1Matrix_pion0MMag	0.7071067811865475	0.3535533905932737
L0S1_J1P1C1Topi1Matrix_pion0MPhi	0	0.2
L2S1_J1P1C1Topi1Matrix_pion0MMag	0.4643753750121683	0.3535533905932737
L2S1_J1P1C1Topi1Matrix_pion0MPhi	-1.631896136974514	0.2
L1S0_J1P1C1Tof0Matrix_etaMag	1	0.5
L1S0_J1P1C1Tof0Matrix_etaPhi	0	0.2
L1S2_J1P1C1Tof2Matrix_etaMag	0.7071067811865475	0.3535533905932737
L1S2_J1P1C1Tof2Matrix_etaPhi	0	0.2
L3S2_J1P1C1Tof2Matrix_etaMag	12.53721365085778	0.2536092564451244
L3S2_J1P1C1Tof2Matrix_etaPhi	-0.5944332630915092	0.04656716319172482
L1S0_J1P1C1Toa0MatrixPiRecM_pion0MMag	1	1
L1S0_J1P1C1Toa0MatrixPiRecM_pion0MPhi	0	0.3
L1S2_J1P1C1Toa2MatrixPiRecM_pion0MMag	0.7071067811865475	0.7071067811865475
L1S2_J1P1C1Toa2MatrixPiRecM_pion0MPhi	0	0.3
L3S2_J1P1C1Toa2MatrixPiRecM_pion0MMag	3.622592329620641	0.04148462475628083
L3S2_J1P1C1Toa2MatrixPiRecM_pion0MPhi	-2.151201742864651	0.0214383200045683
L1S1_J2P-1C1Topi1Matrix_pion0MMag	0.7071067811865475	0.3535533905932737
L1S1_J2P-1C1Topi1Matrix_pion0MPhi	0	0.2
L3S1_J2P-1C1Topi1Matrix_pion0MMag	30.9327807871375	0.3535533905932737
L3S1_J2P-1C1Topi1Matrix_pion0MPhi	-0.1677024016402153	0.2
L2S0_J2P-1C1Tof0Matrix_etaMag	1	0.5
L2S0_J2P-1C1Tof0Matrix_etaPhi	0	0.2
L0S2_J2P-1C1Tof2Matrix_etaMag	0.5773502691896258	0.2886751345948129
L0S2_J2P-1C1Tof2Matrix_etaPhi	0	0.2
L2S2_J2P-1C1Tof2Matrix_etaMag	-1.081285491502369	0.017592901837358
L2S2_J2P-1C1Tof2Matrix_etaPhi	-0.4006794989182328	0.01892753701885778
L4S2_J2P-1C1Tof2Matrix_etaMag	2.015483884537691	0.05772266208134737
L4S2_J2P-1C1Tof2Matrix_etaPhi	-0.5639294049910224	0.02525361667184637
L2S0_J2P-1C1Toa0MatrixPiRecM_pion0MMag	1	1
L2S0_J2P-1C1Toa0MatrixPiRecM_pion0MPhi	0	0.3
L0S2_J2P-1C1Toa2MatrixPiRecM_pion0MMag	0.5773502691896258	0.5773502691896258
L0S2_J2P-1C1Toa2MatrixPiRecM_pion0MPhi	0	0.3
L2S2_J2P-1C1Toa2MatrixPiRecM_pion0MMag	0.5423940653590383	0.04650333254314367
L2S2_J2P-1C1Toa2MatrixPiRecM_pion0MPhi	-0.02891410872207788	0.03646446381592421
L4S2_J2P-1C1Toa2MatrixPiRecM_pion0MMag	0.7427884746330248	0.2654316057896176
L4S2_J2P-1C1Toa2MatrixPiRecM_pion0MPhi	0.07963756547563487	0.02363393983627193
L2S1_J2P1C1Topi1Matrix_pion0MMag	1	0.5
L2S1_J2P1C1Topi1Matrix_pion0MPhi	0	0.2
L1S2_J2P1C1Tof2Matrix_etaMag	0.7071067811865475	0.3535533905932737
L1S2_J2P1C1Tof2Matrix_etaPhi	0	0.2
L3S2_J2P1C1Tof2Matrix_etaMag	0.5944392683032327	0.0257176506836473
L3S2_J2P1C1Tof2Matrix_etaPhi	0.08952561461882637	0.03236050380196157
L1S2_J2P1C1Toa2MatrixPiRecM_pion0MMag	0.7071067811865475	0.7071067811865475
L1S2_J2P1C1Toa2MatrixPiRecM_pion0MPhi	0	0.3
L3S2_J2P1C1Toa2MatrixPiRecM_pion0MMag	2.528402895965193	0.02375307951787023
L3S2_J2P1C1Toa2MatrixPiRecM_pion0MPhi	-1.761947908453928	0.09301821433151126
L2S1_J3P1C1Topi1Matrix_pion0MMag	0.7071067811865475	0.3535533905932737
L2S1_J3P1C1Topi1Matrix_pion0MPhi	0	0.2
L4S1_J3P1C1Topi1Matrix_pion0MMag	-1.824518396378506	0.3535533905932737
L4S1_J3P1C1Topi1Matrix_pion0MPhi	-1.133323236844034	0.2
L3S0_J3P1C1Tof0Matrix_etaMag	1	0.5
L3S0_J3P1C1Tof0Matrix_etaPhi	0	0.2
L1S2_J3P1C1Tof2Matrix_etaMag	0.5773502691896258	0.2886751345948129
L1S2_J3P1C1Tof2Matrix_etaPhi	0	0.2
L3S2_J3P1C1Tof2Matrix_etaMag	3.024745263581579	0.2235229916318703
L3S2_J3P1C1Tof2Matrix_etaPhi	-0.2601728926879293	0.06155359759352942
L5S2_J3P1C1Tof2Matrix_etaMag	17.39081830142763	0.6162923899072456
L5S2_J3P1C1Tof2Matrix_etaPhi	0.03518389194145093	0.04429027798715578
L3S0_J3P1C1Toa0MatrixPiRecM_pion0MMag	1	1
L3S0_J3P1C1Toa0MatrixPiRecM_pion0MPhi	0	0.3
L1S2_J3P1C1Toa2MatrixPiRecM_pion0MMag	0.5773502691896258	0.5773502691896258
L1S2_J3P1C1Toa2MatrixPiRecM_pion0MPhi	0	0.3
L3S2_J3P1C1Toa2MatrixPiRecM_pion0MMag	1.352205319932419	0.02181329623263254
L3S2_J3P1C1Toa2MatrixPiRecM_pion0MPhi	-2.141768628807844	0.06367500993103051
L5S2_J3P1C1Toa2MatrixPiRecM_pion0MMag	3.663117038549383	0.05845851417151252
L5S2_J3P1C1Toa2MatrixPiRecM_pion0MPhi	-2.127188014284877	0.0326257560116191
L3S1_J4P-1C1Topi1Matrix_pion0MMag	0.7071067811865475	0.3535533905932737
L3S1_J4P-1C1Topi1Matrix_pion0MPhi	0	0.2
L5S1_J4P-1C1Topi1Matrix_pion0MMag	0	0.3535533905932737
L5S1_J4P-1C1Topi1Matrix_pion0MPhi	0	0.2
L4S0_J4P-1C1Tof0Matrix_etaMag	1	0.5
L4S0_J4P-1C1Tof0Matrix_etaPhi	0	0.2
L2S2_J4P-1C1Tof2Matrix_etaMag	0.5773502691896258	0.2886751345948129
L2S2_J4P-1C1Tof2Matrix_etaPhi	0	0.2
L4S2_J4P-1C1Tof2Matrix_etaMag	0.5675610168314796	0.7788138120817145
L4S2_J4P-1C1Tof2Matrix_etaPhi	-2.223090135581103	0.2593321376230807
L6S2_J4P-1C1Tof2Matrix_etaMag	0	6.722199542162992
L6S2_J4P-1C1Tof2Matrix_etaPhi	0	0.07519692209127063
L4S0_J4P-1C1Toa0MatrixPiRecM_pion0MMag	1	1
L4S0_J4P-1C1Toa0MatrixPiRecM_pion0MPhi	0	0.3
L2S2_J4P-1C1Toa2MatrixPiRecM_pion0MMag	0.5773502691896258	0.5773502691896258
L2S2_J4P-1C1Toa2MatrixPiRecM_pion0MPhi	0	0.3
L4S2_J4P-1C1Toa2MatrixPiRecM_pion0MMag	-0.8835783252451356	0.1668802016556089
L4S2_J4P-1C1Toa2MatrixPiRecM_pion0MPhi	0.2646971007261699	0.1443881178838804
L6S2_J4P-1C1Toa2MatrixPiRecM_pion0MMag	0	0.4059267224961602
L6S2_J4P-1C1Toa2MatrixPiRecM_pion0MPhi	0	0.0863367502681979
L4S1_J4P1C1Topi1Matrix_pion0MMag	1	0.5
L4S1_J4P1C1Topi1Matrix_pion0MPhi	0	0.2
L3S2_J4P1C1Tof2Matrix_etaMag	0.7071067811865475	0.3535533905932737
L3S2_J4P1C1Tof2Matrix_etaPhi	0	0.2
L5S2_J4P1C1Tof2Matrix_etaMag	6.936346596059212	0.5078247526384267
L5S2_J4P1C1Tof2Matrix_etaPhi	-0.02761526897118488	0.06766117463001198
L3S2_J4P1C1Toa2MatrixPiRecM_pion0MMag	0.7071067811865475	0.7071067811865475
L3S2_J4P1C1Toa2MatrixPiRecM_pion0MPhi	0	0.3
L5S2_J4P1C1Toa2MatrixPiRecM_pion0MMag	1.628548381068347	0.1024870073122542
L5S2_J4P1C1Toa2MatrixPiRecM_pion0MPhi	-1.026989786714961	0.0811285819892078
channelType1pion0Apion0BetaScaling	0.5	0.01	0.05	10
Iso1J0P-1C1	0.83666	0.5	0	1
Iso1J1P1C1	0.83666	0.5	0	1
Iso1J2P-1C1	0.83666	0.5	0	1
Iso1J2P1C1	0.83666	0.5	0	1
Iso1J3P1C1	0.83666	0.5	0	1
Iso1J4P-1C1	0.83666	0.5	0	1
Iso1J4P1C1	0.83666	0.5	0	1
J0P-1C1L0S0pbarpMag	0.1978188138317085	0.01654640990283414
J0P-1C1L0S0pbarpPhi	0	0.3
J1P1C1L1S1pbarpMag	0.0640056691316107	0.006365767164925467
J1P1C1L1S1pbarpPhi	0.2162762379926161	0.05085537261509984
J2P-1C1L2S0pbarpMag	0.923543795136654	0.004508287554308626
J2P-1C1L2S0pbarpPhi	0.9069122226098658	0.03950982663331269
J2P1C1L1S1pbarpMag	0.6395264398455789	0.01991695661951994
J2P1C1L1S1pbarpPhi	-1.567021866321217	0.04110291554360016
J2P1C1L3S1pbarpMag	0.1759282929362602	0.02285568541071946
J2P1C1L3S1pbarpPhi	2.254787718379957	0.07074384057806896
J3P1C1L3S1pbarpMag	0.09405387668847622	0.008920834990344398
J3P1C1L3S1pbarpPhi	1.024837688071432	0.03721028223284995
J4P-1C1L4S0pbarpMag	0.006959359819066868	0.0005331316643465693
J4P-1C1L4S0pbarpPhi	-1.757713437113053	0.03448161019734159
J4P1C1L3S1pbarpMag	0.6065286109124207	0.009761004741025699
J4P1C1L3S1pbarpPhi	3.308947331888761	0.04906879005698826
L0S0_J0P-1C1Tof0Matrix_pion0Mag	1	0.5
L0S0_J0P-1C1Tof0Matrix_pion0Phi	0	0.2
L0S0_f0MatrixToetaA_etaBMag	1	0.5
L0S0_f0MatrixToetaA_etaBPhi	0	0.2
f0MatrixJ0P-1C1bPiRec_f0500Mag	-6.256388147210579	0.02302351591571609
f0MatrixJ0P-1C1bPiRec_f0500Phi	1.789375771021045	0.08342769696261552
f0MatrixJ0P-1C1bPiRec_f0980Mag	2.145851717146856	0.01501682248746262
f0MatrixJ0P-1C1bPiRec_f0980Phi	-1.403713563745732	0.07702346789438476
f0MatrixJ0P-1C1bPiRec_f01370Mag	-6.814608370273028	0.007961524354387666
f0MatrixJ0P-1C1bPiRec_f01370Phi	-1.233824416775842	0.031791893229298
f0MatrixJ0P-1C1bPiRec_f01500Mag	43.61545756030844	0.01305863609545161
f0MatrixJ0P-1C1bPiRec_f01500Phi	0.04910448205535118	0.191242977041175
f0MatrixJ0P-1C1bPiRec_f01710Mag	10.43050273054916	0.008502672261331428
f0MatrixJ0P-1C1bPiRec_f01710Phi	-1.769146635073435	0.02241639446394778
f0MatrixJ1P1C1bPiRec_f0500Mag	-20.04127002514352	0.06694192180830062
f0MatrixJ1P1C1bPiRec_f0500Phi	-3.82141517209663	0.08305555715804071
f0MatrixJ1P1C1bPiRec_f0980Mag	7.429422449318449	0.06995595615643588
f0MatrixJ1P1C1bPiRec_f0980Phi	-2.483540660344751	0.03695858433833089
f0MatrixJ1P1C1bPiRec_f01370Mag	-9.917200366182326	0.0620345745563656
f0MatrixJ1P1C1bPiRec_f01370Phi	-0.1516125647870312	0.03573977214255672
f0MatrixJ1P1C1bPiRec_f01500Mag	50.90856268354753	0.08705330526522893
f0MatrixJ1P1C1bPiRec_f01500Phi	-1.734237890870342	0.03786721874967886
f0MatrixJ1P1C1bPiRec_f01710Mag	33.8963180061232	0.07326727290178785
f0MatrixJ1P1C1bPiRec_f01710Phi	0.5660498794162998	0.03256631775272599
f0MatrixJ2P-1C1bPiRec_f0500Mag	-0.4717644271803326	0.02312506058074968
f0MatrixJ2P-1C1bPiRec_f0500Phi	2.258414288996192	0.4121604530689104
f0MatrixJ2P-1C1bPiRec_f0980Mag	-0.3286566151701999	0.02361749375397565
f0MatrixJ2P-1C1bPiRec_f0980Phi	-2.697739186693127	0.07341637802607916
f0MatrixJ2P-1C1bPiRec_f01370Mag	-0.152388577747813	0.01007757643700872
f0MatrixJ2P-1C1bPiRec_f01370Phi	0.1071279294977682	0.06686408531448443
f0MatrixJ2P-1C1bPiRec_f01500Mag	2.080096478560336	0.02605507197455658
f0MatrixJ2P-1C1bPiRec_f01500Phi	-2.579143108389438	0.03171226930510211
f0MatrixJ2P-1C1bPiRec_f01710Mag	1.487542072149027	0.01694269214940311
f0MatrixJ2P-1C1bPiRec_f01710Phi	0.2914009818953364	0.04325275882618747
f0MatrixJ3P1C1bPiRec_f0500Mag	-9.444602273244996	0.03002629082284863
f0MatrixJ3P1C1bPiRec_f0500Phi	2.316726914316678	0.0642390970483756
f0MatrixJ3P1C1bPiRec_f0980Mag	1.764973697319443	0.01519589606599383
f0MatrixJ3P1C1bPiRec_f0980Phi	3.529470697675158	0.4392117100761065
f0MatrixJ3P1C1bPiRec_f01370Mag	4.000939782876451	0.01813960837802075
f0MatrixJ3P1C1bPiRec_f01370Phi	-0.385259296777165	0.1358779936327591
f0MatrixJ3P1C1bPiRec_f01500Mag	15.46141734661865	0.02607899048831861
f0MatrixJ3P1C1bPiRec_f01500Phi	-0.9057397573322877	0.1215126059789815
f0MatrixJ3P1C1bPiRec_f01710Mag	15.29515694179855	0.02569182951960803
f0MatrixJ3P1C1bPiRec_f01710Phi	-0.2489314010441582	0.06604731866179626
f0MatrixJ4P-1C1bPiRec_f0500Mag	58.30945223133374	1.066509708678316
f0MatrixJ4P-1C1bPiRec_f0500Phi	-2577.520124015764	0.1373404748074948
f0MatrixJ4P-1C1bPiRec_f0980Mag	26.38784471163924	1.185055261055361
f0MatrixJ4P-1C1bPiRec_f0980Phi	-0.6362618715071678	0.2126033315362083
f0MatrixJ4P-1C1bPiRec_f01370Mag	-37.2406210347356	0.9914384879761277
f0MatrixJ4P-1C1bPiRec_f01370Phi	-2.955849415658323	0.112325735382973
f0MatrixJ4P-1C1bPiRec_f01500Mag	-266.2485630167692	0.967262189280707
f0MatrixJ4P-1C1bPiRec_f01500Phi	1.879695276057226	0.1566766409786021
f0MatrixJ4P-1C1bPiRec_f01710Mag	-68.22910213366785	0.8876270412900098
f0MatrixJ4P-1C1bPiRec_f01710Phi	0.8150902431344009	0.2465539716355724
bgPVecPiRec00f0Matrix	0	0.3	-5	5
bgPVecPiRec01f0Matrix	0	0.3	-5	5
bgPVecPiRec02f0Matrix	-0.0967135665235782	0.0121317591246175	-0.2	0.2
bgPVecPiRec03f0Matrix	0.02539921330099748	0.005888096252271602	-0.2	0.2
bgPVecPiRec04f0Matrix	0	0.3	-5	5
L2S2_J0P-1C1Toa2MatrixEtaRecM_etaMMag	1	1
L2S2_J0P-1C1Toa2MatrixEtaRecM_etaMPhi	0	0.3
L2S0_a2MatrixEtaRecMTopion0_etaMMag	1	1
L2S0_a2MatrixEtaRecMTopion0_etaMPhi	0	0.3
a2MatrixEtaRecMJ0P-1C1b_a21320Mag	0.690847824646874	0.002967674107615377
a2MatrixEtaRecMJ0P-1C1b_a21320Phi	-2.299371785942788	0.1266214746605988
a2MatrixEtaRecMJ0P-1C1b_a21700Mag	0	1
a2MatrixEtaRecMJ0P-1C1b_a21700Phi	0	1
a2MatrixEtaRecMJ1P1C1b_a21320Mag	-0.7535357759723058	0.007695099576039335
a2MatrixEtaRecMJ1P1C1b_a21320Phi	5.275999413905619	0.1543576373072804
a2MatrixEtaRecMJ1P1C1b_a21700Mag	0	1
a2MatrixEtaRecMJ1P1C1b_a21700Phi	0	1
a2MatrixEtaRecMJ2P-1C1b_a21320Mag	0.1074282866338352	0.00104144439299143
a2MatrixEtaRecMJ2P-1C1b_a21320Phi	-2.817409562492162	0.04707105726398882
a2MatrixEtaRecMJ2P-1C1b_a21700Mag	0	1
a2MatrixEtaRecMJ2P-1C1b_a21700Phi	0	1
a2MatrixEtaRecMJ2P1C1b_a21320Mag	0.2179943244710545	0.001400121637247911
a2MatrixEtaRecMJ2P1C1b_a21320Phi	-2.6675160830266	0.07445884656807088
a2MatrixEtaRecMJ2P1C1b_a21700Mag	0	1
a2MatrixEtaRecMJ2P1C1b_a21700Phi	0	1
a2MatrixEtaRecMJ3P1C1b_a21320Mag	0.4822418542841022	0.001869906377788014
a2MatrixEtaRecMJ3P1C1b_a21320Phi	-2.155452533298896	0.1112576268131255
a2MatrixEtaRecMJ3P1C1b_a21700Mag	0	1
a2MatrixEtaRecMJ3P1C1b_a21700Phi	0	1
a2MatrixEtaRecMJ4P-1C1b_a21320Mag	4.747520143837827	0.004641669975516622
a2MatrixEtaRecMJ4P-1C1b_a21320Phi	2.119115455840612	0.2525918198503529
a2MatrixEtaRecMJ4P-1C1b_a21700Mag	0	1
a2MatrixEtaRecMJ4P-1C1b_a21700Phi	0	1
a2MatrixEtaRecMJ4P1C1b_a21320Mag	0.01723147916161785	0.005896494682812424
a2MatrixEtaRecMJ4P1C1b_a21320Phi	0.1283903782853882	0.2044712570242091
a2MatrixEtaRecMJ4P1C1b_a21700Mag	0	1
a2MatrixEtaRecMJ4P1C1b_a21700Phi	0	1
L0S0_J0P-1C1Toa0MatrixEtaRecM_etaMMag	1	1
L0S0_J0P-1C1Toa0MatrixEtaRecM_etaMPhi	0	0.3
L0S0_a0MatrixEtaRecMTopion0_etaMMag	1	1
L0S0_a0MatrixEtaRecMTopion0_etaMPhi	0	0.3
a0MatrixEtaRecMJ0P-1C1b_a980Mag	0.709964694968181	0.001036711236884681
a0MatrixEtaRecMJ0P-1C1b_a980Phi	-2.349839197084464	0.06008074741305758
a0MatrixEtaRecMJ0P-1C1b_a1450Mag	0.8806233221078208	0.00159380184510759
a0MatrixEtaRecMJ0P-1C1b_a1450Phi	-1.098391892548239	0.5210431505170319
a0MatrixEtaRecMJ1P1C1b_a980Mag	-2.351892414565436	0.003245657418125581
a0MatrixEtaRecMJ1P1C1b_a980Phi	2.00670182917584	0.1733580276934707
a0MatrixEtaRecMJ1P1C1b_a1450Mag	-3.354806582568155	0.004668673280688681
a0MatrixEtaRecMJ1P1C1b_a1450Phi	2.191079311236148	0.2341975028228248
a0MatrixEtaRecMJ2P-1C1b_a980Mag	0.06845737689583445	0.001151328136697379
a0MatrixEtaRecMJ2P-1C1b_a980Phi	-2.721441459043787	0.07924394977499322
a0MatrixEtaRecMJ2P-1C1b_a1450Mag	0.06660529733968391	0.00237072631342179
a0MatrixEtaRecMJ2P-1C1b_a1450Phi	-0.1163269718647289	0.09276754437804693
a0MatrixEtaRecMJ3P1C1b_a980Mag	0.5173645055440236	0.001761426850526363
a0MatrixEtaRecMJ3P1C1b_a980Phi	1.263988657501437	0.1871780495328232
a0MatrixEtaRecMJ3P1C1b_a1450Mag	1.227040912780208	0.003632147216738256
a0MatrixEtaRecMJ3P1C1b_a1450Phi	-1.071681979386598	0.1698080576801759
a0MatrixEtaRecMJ4P-1C1b_a980Mag	1.588707067847436	0.05789956643328596
a0MatrixEtaRecMJ4P-1C1b_a980Phi	1.377465578327106	0.1992067455073958
a0MatrixEtaRecMJ4P-1C1b_a1450Mag	6.729273484680617	0.1869084686981366
a0MatrixEtaRecMJ4P-1C1b_a1450Phi	-1.546144231904306	0.1054981843962483
L2S2_J0P-1C1Tof2Matrix_pion0Mag	1	0.5
L2S2_J0P-1C1Tof2Matrix_pion0Phi	0	0.2
L2S0_f2MatrixToetaA_etaBMag	1	0.5
L2S0_f2MatrixToetaA_etaBPhi	0	0.2
f2MatrixJ0P-1C1bPiRec_f21270Mag	-1.033815034961376	0.03163813629195073
f2MatrixJ0P-1C1bPiRec_f21270Phi	2.455046519317249	0.175844892893336
f2MatrixJ0P-1C1bPiRec_f21525Mag	5.846222386957423	0.07411003811362693
f2MatrixJ0P-1C1bPiRec_f21525Phi	1.032418689257448	0.06622801019947389
f2MatrixJ0P-1C1bPiRec_f21565Mag	25.14620131295052	0.02725812274644261
f2MatrixJ0P-1C1bPiRec_f21565Phi	1.739555710249764	0.05831212930533623
f2MatrixJ0P-1C1bPiRec_f21810Mag	21.3550628874621	0.06497663868198519
f2MatrixJ0P-1C1bPiRec_f21810Phi	1.584395705203494	0.05395684926412877
f2MatrixJ1P1C1bPiRec_f21270Mag	1.430026549980096	0.02300008977753016
f2MatrixJ1P1C1bPiRec_f21270Phi	-1.28512660106466	0.1960782971038647
f2MatrixJ1P1C1bPiRec_f21525Mag	1.232978369187012	0.1684624561295432
f2MatrixJ1P1C1bPiRec_f21525Phi	-0.5550270348587288	0.06763960683738274
f2MatrixJ1P1C1bPiRec_f21565Mag	-13.86036073997615	0.05777917192156003
f2MatrixJ1P1C1bPiRec_f21565Phi	-1.087461102729176	0.06759062685660075
f2MatrixJ1P1C1bPiRec_f21810Mag	-11.60390697036466	0.1044323075111252
f2MatrixJ1P1C1bPiRec_f21810Phi	-1.273629165576194	0.08684577419498662
f2MatrixJ2P-1C1bPiRec_f21270Mag	-0.161590255582636	0.02700771721997263
f2MatrixJ2P-1C1bPiRec_f21270Phi	-0.829384205938026	0.06421358966315215
f2MatrixJ2P-1C1bPiRec_f21525Mag	-0.2606146147504536	0.0544205957971506
f2MatrixJ2P-1C1bPiRec_f21525Phi	1.19765442486239	0.1146518427606776
f2MatrixJ2P-1C1bPiRec_f21565Mag	-0.3811786054253801	0.01685035679109196
f2MatrixJ2P-1C1bPiRec_f21565Phi	0.7286206878772687	0.05062025510291274
f2MatrixJ2P-1C1bPiRec_f21810Mag	-0.3666403622674596	0.04775369924876013
f2MatrixJ2P-1C1bPiRec_f21810Phi	0.2921810869574171	0.05799337365787872
f2MatrixJ2P1C1bPiRec_f21270Mag	0.5849264175568736	0.02579882001102778
f2MatrixJ2P1C1bPiRec_f21270Phi	-2.21950337229874	0.06241022472480157
f2MatrixJ2P1C1bPiRec_f21525Mag	0.5171610598273997	0.03965800545460533
f2MatrixJ2P1C1bPiRec_f21525Phi	3.105237846218706	0.1085525013600687
f2MatrixJ2P1C1bPiRec_f21565Mag	-2.767247527238022	0.01399578617571478
f2MatrixJ2P1C1bPiRec_f21565Phi	-2.100809386176087	0.1174895657197836
f2MatrixJ2P1C1bPiRec_f21810Mag	2.481543766675042	0.04538586115196144
f2MatrixJ2P1C1bPiRec_f21810Phi	-2.21325985622404	0.0490508860071613
f2MatrixJ3P1C1bPiRec_f21270Mag	-0.1232863109466987	0.01661413344412022
f2MatrixJ3P1C1bPiRec_f21270Phi	-0.9139240616657976	0.1519822014276689
f2MatrixJ3P1C1bPiRec_f21525Mag	0.2664328736721233	0.03864026457787787
f2MatrixJ3P1C1bPiRec_f21525Phi	4.810370455364487	0.06904541855817127
f2MatrixJ3P1C1bPiRec_f21565Mag	-2.801068662828764	0.01210807200771879
f2MatrixJ3P1C1bPiRec_f21565Phi	0.1051610384057476	0.07786732549230603
f2MatrixJ3P1C1bPiRec_f21810Mag	2.217732748306524	0.03560122463869027
f2MatrixJ3P1C1bPiRec_f21810Phi	0.1359387217148181	0.05363702223587673
f2MatrixJ4P-1C1bPiRec_f21270Mag	0.1003109574221698	0.007697757087130253
f2MatrixJ4P-1C1bPiRec_f21270Phi	-1.962284087987917	0.1214217863385556
f2MatrixJ4P-1C1bPiRec_f21525Mag	-0.1363026857441307	0.03256582221797714
f2MatrixJ4P-1C1bPiRec_f21525Phi	-0.7036118662585922	0.1343252648910303
f2MatrixJ4P-1C1bPiRec_f21565Mag	0.6805916671410865	0.01206429808874479
f2MatrixJ4P-1C1bPiRec_f21565Phi	-0.006948487509264381	0.1151073180488024
f2MatrixJ4P-1C1bPiRec_f21810Mag	0.5731291074818602	0.02671778955451447
f2MatrixJ4P-1C1bPiRec_f21810Phi	0.06863247584848731	0.1632650701558905
f2MatrixJ4P1C1bPiRec_f21270Mag	0.3449046089001833	0.03449996887376426
f2MatrixJ4P1C1bPiRec_f21270Phi	-1.755017258861966	0.1844821727307598
f2MatrixJ4P1C1bPiRec_f21525Mag	0.1470581405277365	0.1010419140445711
f2MatrixJ4P1C1bPiRec_f21525Phi	-1.001021705874908	0.1094154890189725
f2MatrixJ4P1C1bPiRec_f21565Mag	-0.40621391922362	0.03738493451591036
f2MatrixJ4P1C1bPiRec_f21565Phi	-1.831708802520075	0.09807675059879215
f2MatrixJ4P1C1bPiRec_f21810Mag	-0.3639312709448531	0.07733537982601865
f2MatrixJ4P1C1bPiRec_f21810Phi	-1.585202054211913	0.2014713568901194
bgPVecPiRec00f2Matrix	0	0.3	-5	5
bgPVecPiRec01f2Matrix	0	0.3	-5	5
bgPVecPiRec02f2Matrix	-0.02496808971304193	0.003578606209472479	-0.25	0.25
bgPVecPiRec03f2Matrix	-0.02360406042318977	0.01279681480100159	-0.25	0.25
L1S0_J1P1C1Tof0Matrix_pion0Mag	1	0.5
L1S0_J1P1C1Tof0Matrix_pion0Phi	0	0.2
L1S2_J1P1C1Toa2MatrixEtaRecM_etaMMag	0.7071067811865475	0.7071067811865475
L1S2_J1P1C1Toa2MatrixEtaRecM_etaMPhi	0	0.3
L3S2_J1P1C1Toa2MatrixEtaRecM_etaMMag	-1.295846918010416	0.2566875175887992
L3S2_J1P1C1Toa2MatrixEtaRecM_etaMPhi	-3.95718154499074	0.1875171310681925
L1S0_J1P1C1Toa0MatrixEtaRecM_etaMMag	1	1
L1S0_J1P1C1Toa0MatrixEtaRecM_etaMPhi	0	0.3
L1S2_J1P1C1Tof2Matrix_pion0Mag	0.7071067811865475	0.3535533905932737
L1S2_J1P1C1Tof2Matrix_pion0Phi	0	0.2
L3S2_J1P1C1Tof2Matrix_pion0Mag	-3.751359679205764	0.2319444959523385
L3S2_J1P1C1Tof2Matrix_pion0Phi	0.2110766796665025	0.07812573194874747
L2S0_J2P-1C1Tof0Matrix_pion0Mag	1	0.5
L2S0_J2P-1C1Tof0Matrix_pion0Phi	0	0.2
L0S2_J2P-1C1Toa2MatrixEtaRecM_etaMMag	0.5773502691896258	0.5773502691896258
L0S2_J2P-1C1Toa2MatrixEtaRecM_etaMPhi	0	0.3
L2S2_J2P-1C1Toa2MatrixEtaRecM_etaMMag	0.8408553659958502	0.2035017090439549
L2S2_J2P-1C1Toa2MatrixEtaRecM_etaMPhi	1.41482520403666	0.08933437078047281
L4S2_J2P-1C1Toa2MatrixEtaRecM_etaMMag	2.878220659548685	0.8870872051386958
L4S2_J2P-1C1Toa2MatrixEtaRecM_etaMPhi	0.7304328992636558	0.06481201584521057
L2S0_J2P-1C1Toa0MatrixEtaRecM_etaMMag	1	1
L2S0_J2P-1C1Toa0MatrixEtaRecM_etaMPhi	0	0.3
L0S2_J2P-1C1Tof2Matrix_pion0Mag	0.5773502691896258	0.2886751345948129
L0S2_J2P-1C1Tof2Matrix_pion0Phi	0	0.2
L2S2_J2P-1C1Tof2Matrix_pion0Mag	1.720826555169127	0.03545148657683675
L2S2_J2P-1C1Tof2Matrix_pion0Phi	1.203647232065689	0.07325743580380052
L4S2_J2P-1C1Tof2Matrix_pion0Mag	1.19873986322093	0.09539899715469195
L4S2_J2P-1C1Tof2Matrix_pion0Phi	1.290684271421958	0.09613811649705942
L1S2_J2P1C1Toa2MatrixEtaRecM_etaMMag	0.7071067811865475	0.7071067811865475
L1S2_J2P1C1Toa2MatrixEtaRecM_etaMPhi	0	0.3
L3S2_J2P1C1Toa2MatrixEtaRecM_etaMMag	0.3745166976868213	0.08314962447008357
L3S2_J2P1C1Toa2MatrixEtaRecM_etaMPhi	-0.9132947878139529	0.09559340680872642
L1S2_J2P1C1Tof2Matrix_pion0Mag	0.7071067811865475	0.3535533905932737
L1S2_J2P1C1Tof2Matrix_pion0Phi	0	0.2
L3S2_J2P1C1Tof2Matrix_pion0Mag	-0.2652347209128577	0.04054575520151211
L3S2_J2P1C1Tof2Matrix_pion0Phi	-1.734773322930205	0.1055914219731632
L3S0_J3P1C1Tof0Matrix_pion0Mag	1	0.5
L3S0_J3P1C1Tof0Matrix_pion0Phi	0	0.2
L1S2_J3P1C1Toa2MatrixEtaRecM_etaMMag	0.5773502691896258	0.5773502691896258
L1S2_J3P1C1Toa2MatrixEtaRecM_etaMPhi	0	0.3
L3S2_J3P1C1Toa2MatrixEtaRecM_etaMMag	1.740081339783687	0.3395357503087548
L3S2_J3P1C1Toa2MatrixEtaRecM_etaMPhi	0.02266203685924836	0.490537524802429
L5S2_J3P1C1Toa2MatrixEtaRecM_etaMMag	5.343395397987581	1.444475171038226
L5S2_J3P1C1Toa2MatrixEtaRecM_etaMPhi	-1.012262865866838	0.1291636477016888
L3S0_J3P1C1Toa0MatrixEtaRecM_etaMMag	1	1
L3S0_J3P1C1Toa0MatrixEtaRecM_etaMPhi	0	0.3
L1S2_J3P1C1Tof2Matrix_pion0Mag	0.5773502691896258	0.2886751345948129
L1S2_J3P1C1Tof2Matrix_pion0Phi	0	0.2
L3S2_J3P1C1Tof2Matrix_pion0Mag	2.185181545849839	0.2898267089304223
L3S2_J3P1C1Tof2Matrix_pion0Phi	-0.687703690240846	0.08818116196163789
L5S2_J3P1C1Tof2Matrix_pion0Mag	-25.23349724588353	0.3623904265923142
L5S2_J3P1C1Tof2Matrix_pion0Phi	-1.637509346033624	1.065278196270134
L4S0_J4P-1C1Tof0Matrix_pion0Mag	1	0.5
L4S0_J4P-1C1Tof0Matrix_pion0Phi	0	0.2
L2S2_J4P-1C1Toa2MatrixEtaRecM_etaMMag	0.5773502691896258	0.5773502691896258
L2S2_J4P-1C1Toa2MatrixEtaRecM_etaMPhi	0	0.3
L4S2_J4P-1C1Toa2MatrixEtaRecM_etaMMag	1.187615273682871	7.138073177968653
L4S2_J4P-1C1Toa2MatrixEtaRecM_etaMPhi	-2.649780026490732	0.2706509450922835
L6S2_J4P-1C1Toa2MatrixEtaRecM_etaMMag	0	29.83679071311282
L6S2_J4P-1C1Toa2MatrixEtaRecM_etaMPhi	0	0.2773737307185513
L4S0_J4P-1C1Toa0MatrixEtaRecM_etaMMag	1	1
L4S0_J4P-1C1Toa0MatrixEtaRecM_etaMPhi	0	0.3
L2S2_J4P-1C1Tof2Matrix_pion0Mag	0.5773502691896258	0.2886751345948129
L2S2_J4P-1C1Tof2Matrix_pion0Phi	0	0.2
L4S2_J4P-1C1Tof2Matrix_pion0Mag	256.3509128600476	47.63447693620933
L4S2_J4P-1C1Tof2Matrix_pion0Phi	1.827968661661176	0.1372329255519558
L6S2_J4P-1C1Tof2Matrix_pion0Mag	0	79.02127453701348
L6S2_J4P-1C1Tof2Matrix_pion0Phi	0	0.1352006550249915
L3S2_J4P1C1Toa2MatrixEtaRecM_etaMMag	0.7071067811865475	0.7071067811865475
L3S2_J4P1C1Toa2MatrixEtaRecM_etaMPhi	0	0.3
L5S2_J4P1C1Toa2MatrixEtaRecM_etaMMag	8.527409532769816	1.78801821119483
L5S2_J4P1C1Toa2MatrixEtaRecM_etaMPhi	3.442080170510677	0.2481846193368004
L3S2_J4P1C1Tof2Matrix_pion0Mag	0.7071067811865475	0.3535533905932737
L3S2_J4P1C1Tof2Matrix_pion0Phi	0	0.2
L5S2_J4P1C1Tof2Matrix_pion0Mag	4.272738712185068	0.2377567222654826
L5S2_J4P1C1Tof2Matrix_pion0Phi	0.9791036498089342	0.09612312980930786
channelType1pion0etaAetaBScaling	0.5018059771574536	0.3889033591318611	0.05	15
L2S0_a2MatrixPiRecMToK+_K-Mag	1	1
L2S0_a2MatrixPiRecMToK+_K-Phi	0	0.3
L1S1_J0P-1C1ToK*KMag	1	1
L1S1_J0P-1C1ToK*KPhi	0	0.3
L1S0_K*ToK_pion0Mag	1	1
L1S0_K*ToK_pion0Phi	0	0.3
K*Mass	0.8935589247939549	0.0005595855960584539	0.87	0.91
K*Width	0.05479869337744916	0.001029629630782156	0.03	0.08
L0S0_J0P-1C1ToKpiS12_KMag	1	1
L0S0_J0P-1C1ToKpiS12_KPhi	0	0.3
L0S0_KpiS12ToK_pion0Mag	1	1
L0S0_KpiS12ToK_pion0Phi	0	0.3
KpiS12J0P-1C1b_pole1Mag	3.54855021490575	0.06506488342508622
KpiS12J0P-1C1b_pole1Phi	1.789892619941873	0.07158222184724072
KpiS12J0P-1C1a_Ketap	0	1
KpiS12J0P-1C1a_Kpi	0	1
KpiS12J0P-1C1b_Ketap	0	1
KpiS12J0P-1C1b_Kpi	0	1
KpiS12J0P-1C1c_Ketap	0	1
KpiS12J0P-1C1c_Kpi	0	1
KpiS12J0P-1C1KetapPhi	0	1
KpiS12J0P-1C1KpiPhi	0	1
KpiS12J1P1C-1b_pole1Mag	0.3218872781233612	0.04419048435339624
KpiS12J1P1C-1b_pole1Phi	-1.203597294025791	0.1202122137975658
KpiS12J1P1C-1a_Ketap	0	1
KpiS12J1P1C-1a_Kpi	0	1
KpiS12J1P1C-1b_Ketap	0	1
KpiS12J1P1C-1b_Kpi	0	1
KpiS12J1P1C-1c_Ketap	0	1
KpiS12J1P1C-1c_Kpi	0	1
KpiS12J1P1C-1KetapPhi	0	1
KpiS12J1P1C-1KpiPhi	0	1
KpiS12J1P1C1b_pole1Mag	-4.225453348837041	0.1697883206856201
KpiS12J1P1C1b_pole1Phi	-0.3924625988756125	0.3685883014401701
KpiS12J1P1C1a_Ketap	0	1
KpiS12J1P1C1a_Kpi	0	1
KpiS12J1P1C1b_Ketap	0	1
KpiS12J1P1C1b_Kpi	0	1
KpiS12J1P1C1c_Ketap	0	1
KpiS12J1P1C1c_Kpi	0	1
KpiS12J1P1C1KetapPhi	0	1
KpiS12J1P1C1KpiPhi	0	1
KpiS12J2P-1C-1b_pole1Mag	0.2660231062961138	0.0677282645529856
KpiS12J2P-1C-1b_pole1Phi	-0.8996245782545457	0.07670862216685555
KpiS12J2P-1C-1a_Ketap	0	1
KpiS12J2P-1C-1a_Kpi	0	1
KpiS12J2P-1C-1b_Ketap	0	1
KpiS12J2P-1C-1b_Kpi	0	1
KpiS12J2P-1C-1c_Ketap	0	1
KpiS12J2P-1C-1c_Kpi	0	1
KpiS12J2P-1C-1KetapPhi	0	1
KpiS12J2P-1C-1KpiPhi	0	1
KpiS12J2P-1C1b_pole1Mag	0.6517913947766072	0.1144653031832969
KpiS12J2P-1C1b_pole1Phi	1.292192926505688	0.07948697190438068
KpiS12J2P-1C1a_Ketap	0	1
KpiS12J2P-1C1a_Kpi	0	1
KpiS12J2P-1C1b_Ketap	0	1
KpiS12J2P-1C1b_Kpi	0	1
KpiS12J2P-1C1c_Ketap	0	1
KpiS12J2P-1C1c_Kpi	0	1
KpiS12J2P-1C1KetapPhi	0	1
KpiS12J2P-1C1KpiPhi	0	1
KpiS12J3P1C-1b_pole1Mag	2.019756700799772	1.503410912549963
KpiS12J3P1C-1b_pole1Phi	0.1115977421429607	0.110995217965825
KpiS12J3P1C-1a_Ketap	0	1
KpiS12J3P1C-1a_Kpi	0	1
KpiS12J3P1C-1b_Ketap	0	1
KpiS12J3P1C-1b_Kpi	0	1
KpiS12J3P1C-1c_Ketap	0	1
KpiS12J3P1C-1c_Kpi	0	1
KpiS12J3P1C-1KetapPhi	0	1
KpiS12J3P1C-1KpiPhi	0	1
KpiS12J3P1C1b_pole1Mag	9.078760083055281	0.1408133195119235
KpiS12J3P1C1b_pole1Phi	-1.161930855971852	0.06419876320401391
KpiS12J3P1C1a_Ketap	0	1
KpiS12J3P1C1a_Kpi	0	1
KpiS12J3P1C1b_Ketap	0	1
KpiS12J3P1C1b_Kpi	0	1
KpiS12J3P1C1c_Ketap	0	1
KpiS12J3P1C1c_Kpi	0	1
KpiS12J3P1C1KetapPhi	0	1
KpiS12J3P1C1KpiPhi	0	1
KpiS12J4P-1C-1b_pole1Mag	0.9049661901754156	1.594055989170728
KpiS12J4P-1C-1b_pole1Phi	-0.5978049868736383	0.2567993091916215
KpiS12J4P-1C-1a_Ketap	0	1
KpiS12J4P-1C-1a_Kpi	0	1
KpiS12J4P-1C-1b_Ketap	0	1
KpiS12J4P-1C-1b_Kpi	0	1
KpiS12J4P-1C-1c_Ketap	0	1
KpiS12J4P-1C-1c_Kpi	0	1
KpiS12J4P-1C-1KetapPhi	0	1
KpiS12J4P-1C-1KpiPhi	0	1
KpiS12J4P-1C1b_pole1Mag	112.6219169260672	7.931146208179338
KpiS12J4P-1C1b_pole1Phi	0.2005913441953894	0.07312686499134156
KpiS12J4P-1C1a_Ketap	0	1
KpiS12J4P-1C1a_Kpi	0	1
KpiS12J4P-1C1b_Ketap	0	1
KpiS12J4P-1C1b_Kpi	0	1
KpiS12J4P-1C1c_Ketap	0	1
KpiS12J4P-1C1c_Kpi	0	1
KpiS12J4P-1C1KetapPhi	0	1
KpiS12J4P-1C1KpiPhi	0	1
L0S0_a0MatrixPiRecMToK+_K-Mag	1	1
L0S0_a0MatrixPiRecMToK+_K-Phi	0	0.3
L0S0_f0MatrixToK+_K-Mag	1	0.5
L0S0_f0MatrixToK+_K-Phi	0	0.2
L2S0_f2MatrixToK+_K-Mag	1	0.5
L2S0_f2MatrixToK+_K-Phi	0	0.2
L1S1_J1P-1C-1ToK*KMag	1	1
L1S1_J1P-1C-1ToK*KPhi	0	0.3
L1S1_J1P-1C-1TorhoMatrix0_pion0Mag	1	0.5
L1S1_J1P-1C-1TorhoMatrix0_pion0Phi	0	0.2
L1S0_rhoMatrix0ToK+_K-Mag	1	0.5
L1S0_rhoMatrix0ToK+_K-Phi	0	0.2
rhoMatrix0J1P-1C-1b_rho0770Mag	0	1
rhoMatrix0J1P-1C-1b_rho0770Phi	0	0.2
rhoMatrix0J1P-1C-1b_rho01450Mag	13.92011638702626	0.3096957944458243
rhoMatrix0J1P-1C-1b_rho01450Phi	2.447053028027041	0.0857462168025175
rhoMatrix0J1P1C-1b_rho0770Mag	0	1
rhoMatrix0J1P1C-1b_rho0770Phi	0	0.2
rhoMatrix0J1P1C-1b_rho01450Mag	3.030023750587005	0.02129266047118138
rhoMatrix0J1P1C-1b_rho01450Phi	-0.5507111731765998	0.1631713780972107
rhoMatrix0J2P-1C-1b_rho0770Mag	0	1
rhoMatrix0J2P-1C-1b_rho0770Phi	0	0.2
rhoMatrix0J2P-1C-1b_rho01450Mag	1.567831196196303	0.181045156807518
rhoMatrix0J2P-1C-1b_rho01450Phi	1.297060868272643	0.1048456330917141
rhoMatrix0J3P-1C-1b_rho0770Mag	0	1
rhoMatrix0J3P-1C-1b_rho0770Phi	0	0.2
rhoMatrix0J3P-1C-1b_rho01450Mag	2.13986576853765	0.2387405390078239
rhoMatrix0J3P-1C-1b_rho01450Phi	-1.73868209883244	0.3964713980716059
rhoMatrix0J3P1C-1b_rho0770Mag	0	1
rhoMatrix0J3P1C-1b_rho0770Phi	0	0.2
rhoMatrix0J3P1C-1b_rho01450Mag	4.102641357734908	5.528613262936366
rhoMatrix0J3P1C-1b_rho01450Phi	2.539427619105068	0.1060059203158028
rhoMatrix0J4P-1C-1b_rho0770Mag	0	1
rhoMatrix0J4P-1C-1b_rho0770Phi	0	0.2
rhoMatrix0J4P-1C-1b_rho01450Mag	3.616655966250713	7.788233094042497
rhoMatrix0J4P-1C-1b_rho01450Phi	0.7427819332349888	0.2443413383791299
rhoMatrix0J5P-1C-1b_rho0770Mag	0	1
rhoMatrix0J5P-1C-1b_rho0770Phi	0	0.2
rhoMatrix0J5P-1C-1b_rho01450Mag	9.847405120212061	1.424261589173469
rhoMatrix0J5P-1C-1b_rho01450Phi	1.214484339079572	0.4719843448109906
rho0770Mass	0.7070385492244585	0.000186751757581427	0.655	0.855
rho01450Mass	1.603343308022469	0.004062178254574444	1.1	1.7
rho0770pion+pion-gFactor	0.2930995557094552	0.0004861762405230785	0	2
rho0770pipieffpipieffgFactor	0.01298024220607778	0.004844178168625944	-0.1	0.05
rho0770K+K0gFactor	0.0649993252328028	0.003661512875462111	-0.1	0.065
rho01450pion+pion-gFactor	0.1236324229528865	0.003777423336707303	-0.2	2
rho01450pipieffpipieffgFactor	0.4790750547781303	0.006734067892435941	0	1.1
rho01450K+K0gFactor	0.0327556271731637	0.01326282704563478	0.018	2
bg000rho0Matrix	-0.07196921638742992	0.001	-0.25	0.25
bg001rho0Matrix	0	0.3	-1	1
bg002rho0Matrix	0.07883145350292053	0.001	-0.25	0.25
bg011rho0Matrix	0	0.3	-1	1
bg012rho0Matrix	0	0.3	-0.5	0.5
bg022rho0Matrix	-0.4960831450388024	0.001	-0.6	0.6
bgPVec00rho0Matrix	0	0.3	-5	5
bgPVec01rho0Matrix	0	0.3	-5	5
bgPVec02rho0Matrix	0.02973709985801321	0.001	-0.5	0.5
L1S1_J1P-1C-1Tophi(1020)_pion0Mag	2.866183273403717	0.2141403635825598
L1S1_J1P-1C-1Tophi(1020)_pion0Phi	-3.828451764394276	0.5018588790245861
L1S0_phi(1020)ToK+_K-Mag	1	1
L1S0_phi(1020)ToK+_K-Phi	0	0.3
phi(1020)Mass	1.018242278680683	0.0004915277051055211	0.8689999999999999	1.169
phi(1020)Width	0.004	0.0008	0	0.008
phi(1020)Sigma	0.005518304525606097	0.0005652910311451632	0	0.02
L0S1_J1P1C-1ToK*KMag	0.7071067811865475	0.7071067811865475
L0S1_J1P1C-1ToK*KPhi	0	0.3
L2S1_J1P1C-1ToK*KMag	-0.5828377813549694	0.05896082436841729
L2S1_J1P1C-1ToK*KPhi	1.497608471959171	0.1506132346406464
L1S0_J1P1C-1ToKpiS12_KMag	1	1
L1S0_J1P1C-1ToKpiS12_KPhi	0	0.3
L0S1_J1P1C-1TorhoMatrix0_pion0Mag	0.7071067811865475	0.3535533905932737
L0S1_J1P1C-1TorhoMatrix0_pion0Phi	0	0.2
L2S1_J1P1C-1TorhoMatrix0_pion0Mag	1.068494867183069	0.9183932617008644
L2S1_J1P1C-1TorhoMatrix0_pion0Phi	2.729204334912837	0.1404799274140756
L0S1_J1P1C-1Tophi(1020)_pion0Mag	0.538198864738593	0.1341120550934814
L0S1_J1P1C-1Tophi(1020)_pion0Phi	2.347805254967051	0.3112362305257527
L2S1_J1P1C-1Tophi(1020)_pion0Mag	0.4318553076360002	0.1603657575178326
L2S1_J1P1C-1Tophi(1020)_pion0Phi	-3.376041294406038	0.2925776108265495
L0S1_J1P1C1ToK*KMag	0.7071067811865475	0.7071067811865475
L0S1_J1P1C1ToK*KPhi	0	0.3
L2S1_J1P1C1ToK*KMag	5.593928022223511	0.2080178795226129
L2S1_J1P1C1ToK*KPhi	-2.194871831408784	0.08190580115433796
L1S0_J1P1C1ToKpiS12_KMag	1	1
L1S0_J1P1C1ToKpiS12_KPhi	0	0.3
L1S1_J2P-1C1ToK*KMag	0.7071067811865475	0.7071067811865475
L1S1_J2P-1C1ToK*KPhi	0	0.3
L3S1_J2P-1C1ToK*KMag	2.300436359243446	0.1441136897593126
L3S1_J2P-1C1ToK*KPhi	-0.7687982204925058	0.05924960006018849
L2S0_J2P-1C1ToKpiS12_KMag	1	1
L2S0_J2P-1C1ToKpiS12_KPhi	0	0.3
L1S1_J2P-1C-1ToK*KMag	0.7071067811865475	0.7071067811865475
L1S1_J2P-1C-1ToK*KPhi	0	0.3
L3S1_J2P-1C-1ToK*KMag	0.5970204370821973	0.07672009603489166
L3S1_J2P-1C-1ToK*KPhi	-2.676777904838591	0.06860884587610479
L2S0_J2P-1C-1ToKpiS12_KMag	1	1
L2S0_J2P-1C-1ToKpiS12_KPhi	0	0.3
L1S1_J2P-1C-1TorhoMatrix0_pion0Mag	0.7071067811865475	0.3535533905932737
L1S1_J2P-1C-1TorhoMatrix0_pion0Phi	0	0.2
L3S1_J2P-1C-1TorhoMatrix0_pion0Mag	18.50152508611185	0.312623016294554
L3S1_J2P-1C-1TorhoMatrix0_pion0Phi	0.6718609336614052	0.1118660148640425
L1S1_J2P-1C-1Tophi(1020)_pion0Mag	-0.7714661121985635	0.239279861882882
L1S1_J2P-1C-1Tophi(1020)_pion0Phi	-0.8643898448682366	0.2555011414879385
L3S1_J2P-1C-1Tophi(1020)_pion0Mag	0.4070004462677602	0.2373775187049711
L3S1_J2P-1C-1Tophi(1020)_pion0Phi	0.662826187259472	0.7600147392499759
L2S1_J2P1C1ToK*KMag	1	1
L2S1_J2P1C1ToK*KPhi	0	0.3
L3S1_J3P-1C-1ToK*KMag	1	1
L3S1_J3P-1C-1ToK*KPhi	0	0.3
L3S1_J3P-1C-1TorhoMatrix0_pion0Mag	1	0.5
L3S1_J3P-1C-1TorhoMatrix0_pion0Phi	0	0.2
L3S1_J3P-1C-1Tophi(1020)_pion0Mag	0.6086182153329498	0.1189024214639768
L3S1_J3P-1C-1Tophi(1020)_pion0Phi	-0.8980134574694816	0.6359618947938067
L2S1_J3P1C-1ToK*KMag	0.7071067811865475	0.7071067811865475
L2S1_J3P1C-1ToK*KPhi	0	0.3
L4S1_J3P1C-1ToK*KMag	2.050965328111269	2.020076207712961
L4S1_J3P1C-1ToK*KPhi	0.6115780547841881	0.1132279422937992
L3S0_J3P1C-1ToKpiS12_KMag	1	1
L3S0_J3P1C-1ToKpiS12_KPhi	0	0.3
L2S1_J3P1C-1TorhoMatrix0_pion0Mag	0.7071067811865475	0.3535533905932737
L2S1_J3P1C-1TorhoMatrix0_pion0Phi	0	0.2
L4S1_J3P1C-1TorhoMatrix0_pion0Mag	-29.02376207636423	0.3718455621836308
L4S1_J3P1C-1TorhoMatrix0_pion0Phi	0.6533942021768434	0.09786888367503906
L2S1_J3P1C-1Tophi(1020)_pion0Mag	1.732832803914947	4.932623091406146
L2S1_J3P1C-1Tophi(1020)_pion0Phi	1.936428032793702	0.5858001106694796
L4S1_J3P1C-1Tophi(1020)_pion0Mag	-3.274732456799506	6.573472854442471
L4S1_J3P1C-1Tophi(1020)_pion0Phi	1.03683806042456	0.3863433367018233
L2S1_J3P1C1ToK*KMag	0.7071067811865475	0.7071067811865475
L2S1_J3P1C1ToK*KPhi	0	0.3
L4S1_J3P1C1ToK*KMag	13.86229863797161	0.1289480551479618
L4S1_J3P1C1ToK*KPhi	2.225588233435172	0.09745828920311585
L3S0_J3P1C1ToKpiS12_KMag	1	1
L3S0_J3P1C1ToKpiS12_KPhi	0	0.3
L3S1_J4P-1C1ToK*KMag	0.7071067811865475	0.7071067811865475
L3S1_J4P-1C1ToK*KPhi	0	0.3
L5S1_J4P-1C1ToK*KMag	160.2565511130944	8.231332585215959
L5S1_J4P-1C1ToK*KPhi	0.8984340721892262	0.067051107495237
L4S0_J4P-1C1ToKpiS12_KMag	1	1
L4S0_J4P-1C1ToKpiS12_KPhi	0	0.3
L3S1_J4P-1C-1ToK*KMag	0.7071067811865475	0.7071067811865475
L3S1_J4P-1C-1ToK*KPhi	0	0.3
L5S1_J4P-1C-1ToK*KMag	0.5280196732690308	1.018995341024303
L5S1_J4P-1C-1ToK*KPhi	-2.467801095610727	0.4064989498002419
L4S0_J4P-1C-1ToKpiS12_KMag	1	1
L4S0_J4P-1C-1ToKpiS12_KPhi	0	0.3
L3S1_J4P-1C-1TorhoMatrix0_pion0Mag	0.7071067811865475	0.3535533905932737
L3S1_J4P-1C-1TorhoMatrix0_pion0Phi	0	0.2
L5S1_J4P-1C-1TorhoMatrix0_pion0Mag	-6.7565697632604	0.2641848530023095
L5S1_J4P-1C-1TorhoMatrix0_pion0Phi	-0.4686345613371056	0.1679112983483655
L3S1_J4P-1C-1Tophi(1020)_pion0Mag	-0.4680373187704555	2.594673656185472
L3S1_J4P-1C-1Tophi(1020)_pion0Phi	-1.847927867672996	0.4906493197756254
L5S1_J4P-1C-1Tophi(1020)_pion0Mag	0.5641210910873093	3.017573504698012
L5S1_J4P-1C-1Tophi(1020)_pion0Phi	2.142587985261954	0.3007487482433952
L4S1_J4P1C1ToK*KMag	1	1
L4S1_J4P1C1ToK*KPhi	0	0.3
L5S1_J5P-1C-1ToK*KMag	1	1
L5S1_J5P-1C-1ToK*KPhi	0	0.3
L5S1_J5P-1C-1TorhoMatrix0_pion0Mag	1	0.5
L5S1_J5P-1C-1TorhoMatrix0_pion0Phi	0	0.2
L5S1_J5P-1C-1Tophi(1020)_pion0Mag	-0.3966196895586648	0.1527967429881273
L5S1_J5P-1C-1Tophi(1020)_pion0Phi	-2.316415421066693	0.3351692288821446
channelType1pion0K+K-Scaling	0.3210237360954974	0.01472575410294413	0.05	10
Iso1J1P-1C-1	0.83666	0.5	0	1
Iso1J1P1C-1	0.83666	0.5	0	1
Iso1J2P-1C-1	0.83666	0.5	0	1
Iso1J3P-1C-1	0.83666	0.5	0	1
Iso1J3P1C-1	0.83666	0.5	0	1
Iso1J4P-1C-1	0.83666	0.5	0	1
Iso1J5P-1C-1	0.83666	0.5	0	1
J1P-1C-1L0S1pbarpMag	0.6163905708906282	0.06210744835975587
J1P-1C-1L0S1pbarpPhi	0	0.3
J1P-1C-1L2S1pbarpMag	0.8706695408045015	0.0565724194940167
J1P-1C-1L2S1pbarpPhi	0.33358380962899	0.1517636298778522
J1P1C-1L1S0pbarpMag	3.161636446041281	0.06725997692491892
J1P1C-1L1S0pbarpPhi	-2.627257839384652	0.05494106788675313
J2P-1C-1L2S1pbarpMag	1.516188994857258	0.03296879463720865
J2P-1C-1L2S1pbarpPhi	0.8819886684838338	0.06245897638672691
J3P-1C-1L2S1pbarpMag	2.152225069191576	0.05638604108683556
J3P-1C-1L2S1pbarpPhi	2.900225689710714	0.08686575304899882
J3P-1C-1L4S1pbarpMag	0.594981151395988	0.05322191292309334
J3P-1C-1L4S1pbarpPhi	0.8651784046067434	0.07862455205650305
J3P1C-1L3S0pbarpMag	0.3034451557541666	0.002415995617038242
J3P1C-1L3S0pbarpPhi	-2.25518994836387	0.0713722519248117
J4P-1C-1L4S1pbarpMag	1.619225691063915	0.01251056796793917
J4P-1C-1L4S1pbarpPhi	1.461041862913037	0.2188716337737942
J5P-1C-1L4S1pbarpMag	1.237626467699825	0.02785922709006815
J5P-1C-1L4S1pbarpPhi	-2.081088053287443	0.1528507335124731
channelType5f0MatrixElasticitypion+pion-Scaling	1	0.01	0	3
channelType5f0MatrixPhasepion+pion-Scaling	1	0.01	0	3
channelType5f0MatrixArgandUnitsK+K0Scaling	1	0.01	0	3
channelType5f0MatrixArgandUnitsetaetaScaling	1	0.01	0	3
channelType5f0MatrixArgandUnitsetaetaprimeScaling	1	0.01	0	3
channelType5f2MatrixPhasepion+pion-Scaling	1	0.01	0	3
channelType5f2MatrixElasticitypion+pion-Scaling	1	0.01	0	3
channelType5f2MatrixArgandUnitsK+K0Scaling	1	0.01	0	3
channelType5f2MatrixArgandUnitsetaetaScaling	1	0.01	0	3
channelType5rhoMatrix0Elasticitypion+pion-Scaling	1	0.01	0	3
channelType5rhoMatrix0Phasepion+pion-Scaling	1	0.01	0	3
