0 0 0
0.001 1.19786e-06 0
0.002 4.79153e-06 0
0.003 1.07812e-05 0
0.004 1.91674e-05 0
0.005 2.99506e-05 0
0.006 4.31315e-05 0
0.007 5.87111e-05 0
0.008 7.66904e-05 0
0.009 9.70706e-05 0
0.01 0.000119853 0
0.011 0.000145039 0
0.012 0.000172631 0
0.013 0.00020263 0
0.014 0.000235039 0
0.015 0.00026986 0
0.016 0.000307094 0
0.017 0.000346745 0
0.018 0.000388815 0
0.019 0.000433307 0
0.02 0.000480224 0
0.021 0.00052957 0
0.022 0.000581347 0
0.023 0.00063556 0
0.024 0.000692211 0
0.025 0.000751305 0
0.026 0.000812847 0
0.027 0.000876839 0
0.028 0.000943286 0
0.029 0.00101219 0
0.03 0.00108357 0
0.031 0.00115741 0
0.032 0.00123372 0
0.033 0.00131252 0
0.034 0.0013938 0
0.035 0.00147758 0
0.036 0.00156385 0
0.037 0.00165262 0
0.038 0.0017439 0
0.039 0.0018377 0
0.04 0.00193402 0
0.041 0.00203286 0
0.042 0.00213425 0
0.043 0.00223817 0
0.044 0.00234465 0
0.045 0.00245368 0
0.046 0.00256528 0
0.047 0.00267945 0
0.048 0.0027962 0
0.049 0.00291555 0
0.05 0.00303748 0
0.051 0.00316203 0
0.052 0.00328919 0
0.053 0.00341898 0
0.054 0.0035514 0
0.055 0.00368646 0
0.056 0.00382417 0
0.057 0.00396455 0
0.058 0.0041076 0
0.059 0.00425334 0
0.06 0.00440177 0
0.061 0.0045529 0
0.062 0.00470675 0
0.063 0.00486332 0
0.064 0.00502264 0
0.065 0.0051847 0
0.066 0.00534953 0
0.067 0.00551713 0
0.068 0.00568752 0
0.069 0.0058607 0
0.07 0.0060367 0
0.071 0.00621553 0
0.072 0.00639719 0
0.073 0.00658171 0
0.074 0.00676909 0
0.075 0.00695935 0
0.076 0.00715251 0
0.077 0.00734858 0
0.078 0.00754758 0
0.079 0.00774951 0
0.08 0.0079544 0
0.081 0.00816226 0
0.082 0.00837311 0
0.083 0.00858696 0
0.084 0.00880384 0
0.085 0.00902375 0
0.086 0.00924672 0
0.087 0.00947276 0
0.088 0.00970189 0
0.089 0.00993413 0
0.09 0.0101695 0
0.091 0.010408 0
0.092 0.0106497 0
0.093 0.0108946 0
0.094 0.0111426 0
0.095 0.0113939 0
0.096 0.0116485 0
0.097 0.0119063 0
0.098 0.0121674 0
0.099 0.0124318 0
0.1 0.0126995 0
0.101 0.0129706 0
0.102 0.0132451 0
0.103 0.013523 0
0.104 0.0138043 0
0.105 0.014089 0
0.106 0.0143772 0
0.107 0.0146689 0
0.108 0.0149642 0
0.109 0.015263 0
0.11 0.0155653 0
0.111 0.0158713 0
0.112 0.0161809 0
0.113 0.0164941 0
0.114 0.0168111 0
0.115 0.0171317 0
0.116 0.0174561 0
0.117 0.0177843 0
0.118 0.0181162 0
0.119 0.018452 0
0.12 0.0187917 0
0.121 0.0191352 0
0.122 0.0194827 0
0.123 0.0198341 0
0.124 0.0201896 0
0.125 0.020549 0
0.126 0.0209125 0
0.127 0.0212801 0
0.128 0.0216519 0
0.129 0.0220278 0
0.13 0.0224079 0
0.131 0.0227923 0
0.132 0.0231809 0
0.133 0.0235739 0
0.134 0.0239712 0
0.135 0.024373 0
0.136 0.0247791 0
0.137 0.0251898 0
0.138 0.025605 0
0.139 0.0260247 0
0.14 0.0264491 0
0.141 0.0268781 0
0.142 0.0273119 0
0.143 0.0277503 0
0.144 0.0281936 0
0.145 0.0286418 0
0.146 0.0290948 0
0.147 0.0295528 0
0.148 0.0300158 0
0.149 0.0304838 0
0.15 0.030957 0
0.151 0.0314353 0
0.152 0.0319188 0
0.153 0.0324076 0
0.154 0.0329018 0
0.155 0.0334013 0
0.156 0.0339063 0
0.157 0.0344168 0
0.158 0.0349329 0
0.159 0.0354546 0
0.16 0.035982 0
0.161 0.0365152 0
0.162 0.0370542 0
0.163 0.0375991 0
0.164 0.03815 0
0.165 0.038707 0
0.166 0.0392701 0
0.167 0.0398394 0
0.168 0.040415 0
0.169 0.0409969 0
0.17 0.0415853 0
0.171 0.0421802 0
0.172 0.0427817 0
0.173 0.0433898 0
0.174 0.0440048 0
0.175 0.0446266 0
0.176 0.0452554 0
0.177 0.0458913 0
0.178 0.0465343 0
0.179 0.0471845 0
0.18 0.0478421 0
0.181 0.0485072 0
0.182 0.0491798 0
0.183 0.0498601 0
0.184 0.0505482 0
0.185 0.0512441 0
0.186 0.0519481 0
0.187 0.0526602 0
0.188 0.0533806 0
0.189 0.0541093 0
0.19 0.0548466 0
0.191 0.0555925 0
0.192 0.0563471 0
0.193 0.0571107 0
0.194 0.0578834 0
0.195 0.0586652 0
0.196 0.0594564 0
0.197 0.0602572 0
0.198 0.0610676 0
0.199 0.0618878 0
0.2 0.0627181 0
0.201 0.0635586 0
0.202 0.0644094 0
0.203 0.0652708 0
0.204 0.0661429 0
0.205 0.0670259 0
0.206 0.0679201 0
0.207 0.0688257 0
0.208 0.0697428 0
0.209 0.0706718 0
0.21 0.0716127 0
0.211 0.0725659 0
0.212 0.0735316 0
0.213 0.0745101 0
0.214 0.0755016 0
0.215 0.0765064 0
0.216 0.0775248 0
0.217 0.0785571 0
0.218 0.0796035 0
0.219 0.0806645 0
0.22 0.0817402 0
0.221 0.0828312 0
0.222 0.0839376 0
0.223 0.08506 0
0.224 0.0861986 0
0.225 0.0873538 0
0.226 0.0885262 0
0.227 0.0897161 0
0.228 0.090924 0
0.229 0.0921503 0
0.23 0.0933955 0
0.231 0.0946602 0
0.232 0.0959449 0
0.233 0.0972502 0
0.234 0.0985767 0
0.235 0.099925 0
0.236 0.101296 0
0.237 0.10269 0
0.238 0.104107 0
0.239 0.10555 0
0.24 0.107018 0
0.241 0.108512 0
0.242 0.110034 0
0.243 0.111584 0
0.244 0.113163 0
0.245 0.114773 0
0.246 0.116414 0
0.247 0.118089 0
0.248 0.119797 0
0.249 0.121541 0
0.25 0.123323 0
0.251 0.125144 0
0.252 0.127005 0
0.253 0.12891 0
0.254 0.130859 0
0.255 0.132856 0
0.256 0.134903 0
0.257 0.137003 0
0.258 0.13916 0
0.259 0.141376 0
0.26 0.143656 0
0.261 0.146005 0
0.262 0.148427 0
0.263 0.150928 0
0.264 0.153515 0
0.265 0.156196 0
0.266 0.15898 0
0.267 0.161877 0
0.268 0.164901 0
0.269 0.168068 0
0.27 0.171396 0
0.271 0.174912 0
0.272 0.178648 0
0.273 0.18265 0
0.274 0.18698 0
0.275 0.191735 0
0.276 0.197077 0
0.277 0.203312 0
0.278 0.211191 0
0.279 0.223775 0
0.279278 0.230827 0.00496602
0.279547 0.231778 0.0104917
0.279815 0.231778 0.0140002
0.279971 0.232076 0.0156999
0.28024 0.232368 0.0182676
0.280509 0.232634 0.020534
0.280665 0.232804 0.0217527
0.280933 0.233088 0.0237132
0.281202 0.233363 0.0255379
0.281358 0.233527 0.0265488
0.281627 0.233808 0.0282118
0.281895 0.234084 0.0297947
0.282051 0.234246 0.0306841
0.28232 0.234524 0.0321642
0.282589 0.2348 0.0335905
0.282745 0.234961 0.0343986
0.283013 0.235237 0.0357529
0.283282 0.235512 0.0370681
0.283438 0.235672 0.0378173
0.283707 0.235946 0.0390789
0.283975 0.23622 0.0403107
0.284131 0.236379 0.041015
0.2844 0.236652 0.0422051
0.284669 0.236924 0.0433716
0.284825 0.237082 0.0440405
0.285093 0.237354 0.0451736
0.285362 0.237625 0.0462877
0.285518 0.237782 0.0469278
0.285787 0.238052 0.0480145
0.286055 0.238322 0.0490853
0.286211 0.238478 0.0497017
0.28648 0.238747 0.0507497
0.286749 0.239015 0.0517843
0.286905 0.239171 0.0523807
0.287173 0.239438 0.053396
0.287442 0.239704 0.0544
0.287598 0.239859 0.0549793
0.287867 0.240125 0.0559667
0.288135 0.24039 0.0569443
0.288291 0.240544 0.057509
0.28856 0.240808 0.0584722
0.288829 0.241071 0.0594269
0.288985 0.241224 0.0599789
0.289253 0.241487 0.0609211
0.289522 0.241749 0.0618559
0.289678 0.241901 0.0623967
0.289947 0.242162 0.0633205
0.290215 0.242423 0.0642377
0.290371 0.242574 0.0647687
0.29064 0.242833 0.0656762
0.290909 0.243092 0.066578
0.291065 0.243242 0.0671002
0.291333 0.2435 0.0679934
0.291602 0.243757 0.0688814
0.291758 0.243907 0.0693959
0.292027 0.244163 0.0702762
0.292295 0.244419 0.0711519
0.292451 0.244567 0.0716595
0.29272 0.244822 0.0725283
0.292989 0.245076 0.0733931
0.293145 0.245223 0.0738945
0.293413 0.245476 0.0747531
0.293682 0.245728 0.0756079
0.293838 0.245875 0.0761038
0.294107 0.246126 0.0769531
0.294375 0.246377 0.0777991
0.294531 0.246522 0.07829
0.2948 0.246772 0.079131
0.295069 0.247021 0.0799691
0.295225 0.247165 0.0804554
0.295493 0.247413 0.0812889
0.295762 0.24766 0.0821198
0.295918 0.247804 0.0826021
0.296187 0.24805 0.0834288
0.296455 0.248296 0.0842531
0.296611 0.248438 0.0847317
0.29688 0.248682 0.0855524
0.297149 0.248926 0.0863708
0.297305 0.249068 0.0868461
0.297573 0.24931 0.0876612
0.297842 0.249552 0.0884743
0.297998 0.249693 0.0889466
0.298267 0.249933 0.0897566
0.298535 0.250173 0.0905649
0.298691 0.250313 0.0910345
0.29896 0.250552 0.0918401
0.299229 0.25079 0.092644
0.299385 0.250929 0.0931112
0.299653 0.251167 0.0939127
0.299922 0.251406 0.094713
0.301047 0.252377 0.0980476
0.304643 0.255439 0.10859
0.308239 0.25834 0.119008
0.310332 0.259969 0.125043
0.313929 0.262643 0.135397
0.317525 0.265146 0.145761
0.319618 0.266528 0.15181
0.323214 0.268762 0.162246
0.326811 0.270807 0.17275
0.328904 0.271911 0.1789
0.3325 0.273648 0.189538
0.336096 0.275176 0.20027
0.338189 0.275967 0.206562
0.341786 0.277149 0.217453
0.345382 0.278101 0.228447
0.347475 0.278546 0.234893
0.351071 0.279117 0.246051
0.354668 0.279437 0.257309
0.356761 0.279504 0.263907
0.360357 0.279409 0.275319
0.363953 0.279043 0.286823
0.366047 0.278701 0.293558
0.369643 0.277889 0.305194
0.373239 0.276788 0.316907
0.375332 0.27601 0.323756
0.378929 0.274435 0.335573
0.382525 0.272556 0.347446
0.384618 0.271319 0.354377
0.388214 0.268942 0.366318
0.391811 0.26625 0.378292
0.393904 0.264533 0.38527
0.3975 0.261325 0.39727
0.401096 0.257792 0.409276
0.403189 0.255582 0.41626
0.406786 0.251522 0.428247
0.410382 0.247131 0.440211
0.412475 0.24442 0.447156
0.416071 0.239497 0.459054
0.419668 0.234243 0.470897
0.421761 0.231029 0.477757
0.425357 0.225244 0.489485
0.428953 0.219132 0.501126
0.431047 0.21542 0.507855
0.434643 0.208786 0.519332
0.438239 0.201832 0.530692
0.440332 0.197635 0.537243
0.443929 0.190175 0.54839
0.447525 0.182408 0.559391
0.449618 0.177744 0.565719
0.453214 0.169493 0.576461
0.456811 0.160951 0.587029
0.458904 0.155844 0.593092
0.4625 0.146848 0.60336
0.466096 0.13758 0.613427
0.468189 0.13206 0.619189
0.471786 0.122372 0.628919
0.475382 0.112434 0.638428
0.477475 0.106537 0.643855
0.481071 0.0962178 0.652994
0.484668 0.0856744 0.661894
0.486761 0.0794361 0.666959
0.490357 0.0685535 0.675464
0.493953 0.0574727 0.683714
0.496047 0.0509346 0.688395
0.499643 0.0395587 0.696232
0.503239 0.0280122 0.703805
0.505332 0.0212162 0.708087
0.508929 0.00941942 0.715233
0.512525 -0.00252015 0.722108
0.514618 -0.00953158 0.725983
0.518214 -0.0216767 0.732426
0.521811 -0.0339372 0.738596
0.523904 -0.0411225 0.74206
0.5275 -0.053545 0.747797
0.531096 -0.0660565 0.753263
0.533189 -0.0733754 0.756319
0.536786 -0.0860076 0.761359
0.540382 -0.0987037 0.766132
0.542475 -0.106119 0.768787
0.546071 -0.118897 0.773144
0.549668 -0.131716 0.777243
0.551761 -0.139192 0.779511
0.555357 -0.152059 0.783208
0.558953 -0.164946 0.786658
0.561047 -0.172451 0.788554
0.564643 -0.185354 0.791621
0.568239 -0.198259 0.794454
0.570332 -0.205768 0.795997
0.573929 -0.218662 0.798469
0.577525 -0.231542 0.80072
0.579618 -0.23903 0.801932
0.583214 -0.251877 0.803847
0.586811 -0.264698 0.805557
0.588904 -0.272146 0.806461
0.5925 -0.284915 0.80786
0.596096 -0.297649 0.80907
0.598189 -0.305041 0.809691
0.601786 -0.317709 0.810617
0.605382 -0.330334 0.81137
0.607475 -0.33766 0.811734
0.611071 -0.35021 0.812231
0.614668 -0.362712 0.812572
0.616761 -0.369964 0.812704
0.620357 -0.382386 0.812815
0.623953 -0.394758 0.812788
0.626047 -0.401934 0.812713
0.629643 -0.414224 0.812482
0.633239 -0.426464 0.81213
0.635332 -0.433564 0.811873
0.638929 -0.445725 0.811343
0.642525 -0.457838 0.810707
0.644618 -0.464866 0.810293
0.648214 -0.476905 0.809503
0.651811 -0.488902 0.808624
0.653904 -0.495864 0.808074
0.6575 -0.507796 0.807065
0.661096 -0.519692 0.805981
0.663189 -0.526599 0.805318
0.666786 -0.538442 0.804125
0.670382 -0.550258 0.802871
0.672475 -0.557122 0.802116
0.676071 -0.5689 0.800774
0.679668 -0.580661 0.799383
0.681761 -0.587499 0.798554
0.685357 -0.599241 0.797096
0.688953 -0.610978 0.7956
0.691047 -0.617807 0.794715
0.694643 -0.629546 0.793169
0.698239 -0.641294 0.791596
0.700332 -0.648137 0.79067
0.703929 -0.65991 0.789063
0.707525 -0.671709 0.787439
0.709618 -0.67859 0.786487
0.713214 -0.690441 0.784843
0.716811 -0.702336 0.78319
0.718904 -0.709282 0.782226
0.7225 -0.72126 0.780566
0.726096 -0.733302 0.778905
0.728189 -0.740342 0.777939
0.731786 -0.752501 0.776281
0.735382 -0.764746 0.774629
0.737475 -0.771916 0.773671
0.741071 -0.784316 0.772031
0.744668 -0.796828 0.770401
0.746761 -0.804165 0.769458
0.750357 -0.816874 0.767848
0.753953 -0.829723 0.766252
0.756047 -0.83727 0.765329
0.759643 -0.850364 0.763757
0.763239 -0.86363 0.762202
0.765332 -0.871435 0.761303
0.768929 -0.885 0.759774
0.772525 -0.898773 0.758262
0.774618 -0.90689 0.757388
0.778214 -0.921023 0.755901
0.781811 -0.935405 0.75443
0.783904 -0.943897 0.753578
0.7875 -0.958709 0.752128
0.791096 -0.973818 0.750689
0.793189 -0.982755 0.749853
0.796786 -0.998374 0.748426
0.800382 -1.01434 0.747004
0.802475 -1.02381 0.746173
0.806071 -1.04038 0.744747
0.809668 -1.05737 0.743315
0.811761 -1.06746 0.742472
0.815357 -1.08516 0.741014
0.818953 -1.10335 0.739533
0.821047 -1.11418 0.738651
0.824643 -1.13321 0.737112
0.828239 -1.15283 0.735525
0.830332 -1.16452 0.734568
0.833929 -1.18513 0.732878
0.837525 -1.20643 0.731106
0.839618 -1.21915 0.730021
0.843214 -1.24163 0.72808
0.846811 -1.26492 0.726007
0.848904 -1.27888 0.72472
0.8525 -1.30358 0.722387
0.856096 -1.32926 0.719853
0.858189 -1.34468 0.718258
0.861786 -1.37204 0.715333
0.865382 -1.40058 0.712107
0.867475 -1.41776 0.710053
0.871071 -1.44833 0.706247
0.874668 -1.48031 0.701997
0.876761 -1.49962 0.699266
0.880357 -1.53408 0.69416
0.883953 -1.57026 0.688399
0.886047 -1.59217 0.684668
0.889643 -1.63139 0.677642
0.893239 -1.67271 0.669644
0.895332 -1.69781 0.664429
0.898929 -1.74289 0.654547
0.902525 -1.79058 0.643204
0.904618 -1.81962 0.635764
0.908214 -1.87199 0.621575
0.911811 -1.92759 0.605155
0.913904 -1.96156 0.594318
0.9175 -2.02304 0.573515
0.921096 -2.08852 0.549223
0.923189 -2.12863 0.533087
0.926786 -2.20148 0.501872
0.930382 -2.27923 0.465048
0.932475 -2.32691 0.440417
0.936071 -2.41373 0.392312
0.939668 -2.5062 0.334889
0.941761 -2.5628 0.296206
0.945357 -2.66576 0.219738
0.948953 -2.77401 0.127219
0.950084 -2.80982 0.0943017
0.950372 -2.81878 0.085577
0.95066 -2.82788 0.0767157
0.950828 -2.83319 0.0714945
0.951116 -2.84237 0.062411
0.951404 -2.85157 0.0531836
0.951572 -2.85694 0.0477459
0.95186 -2.8662 0.0382853
0.952148 -2.87549 0.0286738
0.952316 -2.88091 0.0230095
0.952604 -2.89024 0.0131538
0.952892 -2.8996 0.00314016
0.95306 -2.90506 -0.00276148
0.953348 -2.91446 -0.0130309
0.953636 -2.92388 -0.0234656
0.953804 -2.92938 -0.0296158
0.954092 -2.93884 -0.0403184
0.95438 -2.94832 -0.0511941
0.954548 -2.95385 -0.0576045
0.954836 -2.96336 -0.0687607
0.955124 -2.97289 -0.0800982
0.955292 -2.97844 -0.0867812
0.95558 -2.98799 -0.0984125
0.955868 -2.99756 -0.110234
0.956036 -3.00313 -0.117202
0.956324 -3.01271 -0.129331
0.956612 -3.02231 -0.141658
0.95678 -3.02789 -0.148925
0.957068 -3.03749 -0.161575
0.957356 -3.0471 -0.174432
0.957524 -3.05269 -0.182013
0.957812 -3.06229 -0.195207
0.9581 -3.07189 -0.20862
0.958268 -3.07748 -0.216528
0.958556 -3.08707 -0.230294
0.958844 -3.09665 -0.244287
0.959012 -3.10223 -0.252538
0.9593 -3.11179 -0.266901
0.959588 -3.12133 -0.281503
0.959756 -3.12688 -0.290112
0.960044 -3.13639 -0.305101
0.960332 -3.14588 -0.320339
0.9605 -3.15139 -0.329324
0.960788 -3.16083 -0.344966
0.961076 -3.17023 -0.36087
0.961244 -3.17569 -0.370247
0.961532 -3.18503 -0.386574
0.96182 -3.19432 -0.403173
0.961988 -3.19971 -0.412961
0.962276 -3.20893 -0.430002
0.962564 -3.21809 -0.447329
0.962732 -3.22339 -0.457545
0.96302 -3.23245 -0.475333
0.963308 -3.24144 -0.493419
0.963476 -3.24663 -0.504083
0.963764 -3.2555 -0.522651
0.964052 -3.26428 -0.541529
0.96422 -3.26935 -0.55266
0.964508 -3.27799 -0.572041
0.964796 -3.28652 -0.591745
0.964964 -3.29144 -0.603364
0.965252 -3.2998 -0.623592
0.96554 -3.30804 -0.644158
0.965708 -3.31278 -0.656283
0.965996 -3.32082 -0.677395
0.966284 -3.32872 -0.698856
0.966452 -3.33325 -0.711509
0.96674 -3.34091 -0.733538
0.967028 -3.34841 -0.755931
0.967196 -3.3527 -0.769133
0.967484 -3.35993 -0.792115
0.967772 -3.36697 -0.815475
0.96794 -3.37098 -0.829245
0.968228 -3.37771 -0.853216
0.968516 -3.38422 -0.877577
0.968684 -3.38791 -0.891936
0.968972 -3.39406 -0.91693
0.96926 -3.39997 -0.942328
0.969428 -3.40329 -0.957295
0.969716 -3.40879 -0.983346
0.970004 -3.41401 -1.00981
0.970172 -3.41692 -1.02541
0.97046 -3.42168 -1.05255
0.970748 -3.42612 -1.08011
0.970916 -3.42856 -1.09635
0.971204 -3.43247 -1.12461
0.971492 -3.43603 -1.15331
0.97166 -3.43794 -1.17021
0.971948 -3.4409 -1.19961
0.972236 -3.44347 -1.22946
0.972404 -3.44478 -1.24704
0.972692 -3.44667 -1.27761
0.97298 -3.44812 -1.30864
0.973148 -3.44876 -1.32691
0.973436 -3.44946 -1.35866
0.973724 -3.44965 -1.39088
0.973892 -3.44953 -1.40984
0.97418 -3.44888 -1.4428
0.974468 -3.44768 -1.47622
0.974636 -3.44671 -1.49588
0.974924 -3.44456 -1.53004
0.975212 -3.44179 -1.56466
0.97538 -3.43988 -1.58502
0.975668 -3.43605 -1.62038
0.975956 -3.43153 -1.65619
0.976124 -3.42857 -1.67724
0.976412 -3.42288 -1.71379
0.9767 -3.41641 -1.75077
0.976868 -3.41228 -1.7725
0.977156 -3.40451 -1.8102
0.977444 -3.39587 -1.84833
0.977612 -3.39044 -1.87072
0.9779 -3.38036 -1.90953
0.978188 -3.36932 -1.94875
0.978356 -3.36244 -1.97176
0.978644 -3.34979 -2.01162
0.978932 -3.33608 -2.05186
0.9791 -3.3276 -2.07545
0.979388 -3.3121 -2.11629
0.979676 -3.29542 -2.15746
0.979844 -3.28515 -2.18158
0.980132 -3.26649 -2.22328
0.98042 -3.2465 -2.26528
0.980588 -3.23426 -2.28984
0.980876 -3.21206 -2.33229
0.981164 -3.1884 -2.37496
0.981332 -3.17393 -2.3999
0.98162 -3.14779 -2.44293
0.981908 -3.12 -2.48611
0.982076 -3.10305 -2.51131
0.982364 -3.07247 -2.55474
0.982652 -3.04001 -2.59823
0.98282 -3.02023 -2.62358
0.983108 -2.98458 -2.66719
0.983396 -2.94675 -2.71077
0.983564 -2.92372 -2.73612
0.983852 -2.88215 -2.77968
0.98414 -2.83799 -2.82311
0.984308 -2.81105 -2.84832
0.984596 -2.76233 -2.89163
0.984884 -2.71011 -2.93481
0.985052 -2.67837 -2.95924
0.98534 -2.62025 -3.0025
0.985628 -2.55687 -3.04502
0.985796 -2.51841 -3.06874
0.986084 -2.4458 -3.11251
0.986372 -2.36034 -3.15583
0.98654 -2.32272 -3.17056
0.986828 -2.19243 -3.23539
0.987116 -2.01725 -3.23443
0.987218 -1.93379 -3.17379
0.98728 -1.93207 -3.14448
0.987342 -1.92378 -3.13001
0.987378 -1.91799 -3.1116
0.98744 -1.9116 -3.10217
0.987502 -1.90045 -3.09092
0.987538 -1.8942 -3.08425
0.9876 -1.88382 -3.07293
0.987662 -1.87376 -3.06253
0.987698 -1.86779 -3.05658
0.98776 -1.85815 -3.04668
0.987822 -1.84877 -3.03748
0.987858 -1.84324 -3.03223
0.98792 -1.83418 -3.02348
0.987982 -1.82532 -3.01526
0.988018 -1.8201 -3.01056
0.98808 -1.81149 -3.0027
0.988142 -1.80301 -2.99525
0.988178 -1.79804 -2.99099
0.98824 -1.78977 -2.98384
0.988302 -1.78161 -2.97701
0.988338 -1.77684 -2.9731
0.9884 -1.76884 -2.96651
0.988462 -1.76094 -2.9602
0.988498 -1.75632 -2.95657
0.98856 -1.74855 -2.95045
0.988622 -1.74087 -2.94456
0.988658 -1.73638 -2.94117
0.98872 -1.72881 -2.93545
0.988782 -1.72131 -2.92991
0.988818 -1.71693 -2.92673
0.98888 -1.70952 -2.92134
0.988942 -1.70218 -2.91611
0.988978 -1.69789 -2.9131
0.98904 -1.69063 -2.90799
0.989102 -1.68342 -2.90303
0.989138 -1.67922 -2.90016
0.9892 -1.67209 -2.89531
0.989262 -1.665 -2.89057
0.989298 -1.66086 -2.88784
0.98936 -1.65384 -2.8832
0.989422 -1.64685 -2.87867
0.989458 -1.64278 -2.87605
0.98952 -1.63586 -2.8716
0.989582 -1.62896 -2.86725
0.989618 -1.62494 -2.86473
0.98968 -1.6181 -2.86045
0.989742 -1.61129 -2.85626
0.989778 -1.60732 -2.85383
0.98984 -1.60055 -2.8497
0.989902 -1.59381 -2.84564
0.989938 -1.58988 -2.84329
0.99 -1.58318 -2.8393
0.990062 -1.5765 -2.83537
0.990098 -1.57261 -2.83309
0.99016 -1.56597 -2.82921
0.990222 -1.55934 -2.8254
0.990258 -1.55548 -2.82318
0.99032 -1.54889 -2.81941
0.990382 -1.54231 -2.81569
0.990418 -1.53848 -2.81354
0.99048 -1.53193 -2.80986
0.990542 -1.52539 -2.80623
0.990578 -1.52158 -2.80413
0.99064 -1.51506 -2.80054
0.990702 -1.50856 -2.79699
0.990738 -1.50476 -2.79493
0.9908 -1.49828 -2.79142
0.990862 -1.4918 -2.78794
0.990898 -1.48802 -2.78592
0.99096 -1.48156 -2.78247
0.991022 -1.4751 -2.77906
0.991058 -1.47133 -2.77708
0.99112 -1.46489 -2.77369
0.991182 -1.45844 -2.77034
0.991218 -1.45468 -2.76839
0.99128 -1.44825 -2.76505
0.991342 -1.44181 -2.76175
0.991378 -1.43806 -2.75983
0.99144 -1.43163 -2.75654
0.991502 -1.42519 -2.75328
0.991538 -1.42144 -2.75138
0.9916 -1.415 -2.74813
0.991662 -1.40856 -2.74491
0.991698 -1.4048 -2.74303
0.99176 -1.39836 -2.73982
0.991822 -1.39191 -2.73663
0.991858 -1.38814 -2.73476
0.99192 -1.38168 -2.73158
0.991982 -1.37521 -2.72841
0.992018 -1.37144 -2.72656
0.99208 -1.36495 -2.72341
0.992142 -1.35845 -2.72026
0.992178 -1.35466 -2.71842
0.99224 -1.34815 -2.71528
0.992302 -1.34162 -2.71214
0.992338 -1.3378 -2.71031
0.9924 -1.33125 -2.70718
0.992462 -1.32467 -2.70405
0.992498 -1.32083 -2.70223
0.99256 -1.31423 -2.6991
0.992622 -1.3076 -2.69598
0.992658 -1.30373 -2.69415
0.99272 -1.29706 -2.69102
0.992782 -1.29037 -2.68789
0.992818 -1.28646 -2.68606
0.99288 -1.27972 -2.68292
0.992942 -1.27295 -2.67978
0.992978 -1.26899 -2.67794
0.99304 -1.26217 -2.67479
0.993102 -1.2553 -2.67163
0.993138 -1.25129 -2.66977
0.9932 -1.24437 -2.6666
0.993262 -1.23739 -2.66341
0.993298 -1.23332 -2.66153
0.99336 -1.22627 -2.65833
0.993422 -1.21916 -2.6551
0.993458 -1.21501 -2.6532
0.99352 -1.20782 -2.64995
0.993582 -1.20056 -2.64667
0.993618 -1.19631 -2.64473
0.99368 -1.18895 -2.64143
0.993742 -1.1815 -2.63808
0.993778 -1.17714 -2.6361
0.99384 -1.16957 -2.63272
0.993902 -1.16189 -2.62929
0.993938 -1.1574 -2.62725
0.994 -1.14958 -2.62378
0.994062 -1.14163 -2.62024
0.994098 -1.13697 -2.61812
0.99416 -1.12883 -2.61452
0.994222 -1.12053 -2.61084
0.994258 -1.11567 -2.60862
0.99432 -1.10714 -2.60486
0.994382 -1.09839 -2.60097
0.994418 -1.09326 -2.59862
0.99448 -1.08421 -2.59463
0.994542 -1.07488 -2.59046
0.994578 -1.0694 -2.5879
0.99464 -1.05964 -2.58358
0.994702 -1.04948 -2.57899
0.994738 -1.04352 -2.57609
0.9948 -1.03273 -2.57125
0.994862 -1.0213 -2.5659
0.994898 -1.01461 -2.56235
0.99496 -1.00218 -2.55651
0.995022 -0.987704 -2.54974
0.995058 -0.985134 -2.54161
0.99512 -0.961459 -2.53688
0.995182 -0.955809 -2.49902
0.995324 -0.918598 -2.49151
0.995748 -0.907999 -2.36809
0.996172 -0.930522 -2.31191
0.99642 -0.925615 -2.28318
0.996844 -0.928813 -2.24111
0.997268 -0.930333 -2.20583
0.997516 -0.929276 -2.18667
0.99794 -0.928743 -2.15549
0.998364 -0.927876 -2.12788
0.998612 -0.926322 -2.11258
0.999036 -0.924541 -2.0872
0.99946 -0.922623 -2.06409
0.999708 -0.920886 -2.05116
1.00013 -0.918356 -2.02958
1.00056 -0.915833 -2.00935
1.0008 -0.91423 -1.99803
1.00123 -0.911417 -1.97935
1.00165 -0.90853 -1.96149
1.0019 -0.906817 -1.95145
1.00232 -0.903815 -1.93478
1.00275 -0.900779 -1.91877
1.003 -0.898994 -1.90973
1.00342 -0.895897 -1.89467
1.00384 -0.892784 -1.88014
1.00409 -0.890965 -1.87192
1.00452 -0.887823 -1.85818
1.00494 -0.884678 -1.84489
1.00519 -0.882846 -1.83735
1.00561 -0.879692 -1.82471
1.00604 -0.876545 -1.81246
1.00628 -0.874715 -1.8055
1.00671 -0.871571 -1.79381
1.00713 -0.868439 -1.78245
1.00738 -0.86662 -1.77598
1.0078 -0.863501 -1.7651
1.00823 -0.860397 -1.75452
1.00848 -0.858597 -1.74848
1.0089 -0.855512 -1.73832
1.00932 -0.852444 -1.72841
1.00957 -0.850667 -1.72276
1.01 -0.847623 -1.71322
1.01042 -0.844598 -1.70392
1.01067 -0.842846 -1.6986
1.01109 -0.839847 -1.68962
1.01152 -0.836868 -1.68085
1.01176 -0.835144 -1.67583
1.01219 -0.832193 -1.66736
1.01261 -0.829263 -1.65906
1.01286 -0.827567 -1.65432
1.01328 -0.824666 -1.64629
1.01371 -0.821786 -1.63843
1.01396 -0.820119 -1.63393
1.01438 -0.817269 -1.62631
1.0148 -0.814439 -1.61884
1.01505 -0.812802 -1.61456
1.01548 -0.810003 -1.60732
1.0159 -0.807224 -1.60021
1.01615 -0.805616 -1.59613
1.01657 -0.802868 -1.58922
1.017 -0.80014 -1.58244
1.01724 -0.798562 -1.57854
1.01767 -0.795864 -1.57195
1.01809 -0.793186 -1.56546
1.01834 -0.791636 -1.56174
1.01876 -0.788988 -1.55543
1.01919 -0.786359 -1.54922
1.01944 -0.784838 -1.54566
1.01986 -0.782239 -1.53961
1.02028 -0.779659 -1.53366
1.02053 -0.778166 -1.53024
1.02096 -0.775614 -1.52443
1.02138 -0.773081 -1.51872
1.02163 -0.771616 -1.51544
1.02205 -0.769111 -1.50986
1.02248 -0.766625 -1.50437
1.02272 -0.765187 -1.50121
1.02315 -0.762728 -1.49584
1.02357 -0.760287 -1.49055
1.02382 -0.758875 -1.48751
1.02424 -0.756461 -1.48234
1.02467 -0.754065 -1.47725
1.02492 -0.752678 -1.47432
1.02534 -0.750308 -1.46933
1.02576 -0.747954 -1.46442
1.02601 -0.746593 -1.46159
1.02644 -0.744265 -1.45677
1.02686 -0.741954 -1.45203
1.02711 -0.740616 -1.44929
1.02753 -0.738331 -1.44464
1.02796 -0.736061 -1.44006
1.0282 -0.734747 -1.43741
1.02863 -0.732501 -1.43292
1.02905 -0.730271 -1.42848
1.0293 -0.72898 -1.42592
1.02972 -0.726774 -1.42157
1.03015 -0.724583 -1.41727
1.0304 -0.723315 -1.41479
1.03082 -0.721147 -1.41057
1.03124 -0.718994 -1.40641
1.03149 -0.717747 -1.404
1.03192 -0.715617 -1.39992
1.03234 -0.713501 -1.39588
1.03259 -0.712276 -1.39355
1.03301 -0.710181 -1.38958
1.03344 -0.708101 -1.38566
1.03368 -0.706897 -1.3834
1.03411 -0.704838 -1.37954
1.03453 -0.702793 -1.37574
1.03478 -0.701608 -1.37354
1.0352 -0.699584 -1.3698
1.03563 -0.697573 -1.3661
1.03588 -0.696408 -1.36396
1.0363 -0.694418 -1.36032
1.03672 -0.692439 -1.35672
1.03697 -0.691294 -1.35465
1.0374 -0.689336 -1.35111
1.03782 -0.68739 -1.3476
1.03807 -0.686264 -1.34558
1.03849 -0.684337 -1.34214
1.03892 -0.682423 -1.33873
1.03916 -0.681314 -1.33676
1.03959 -0.679419 -1.33341
1.04001 -0.677536 -1.33009
1.04026 -0.676445 -1.32817
1.04068 -0.674579 -1.3249
1.04111 -0.672726 -1.32166
1.04136 -0.671652 -1.31979
1.04178 -0.669817 -1.31661
1.0422 -0.667992 -1.31345
1.04245 -0.666935 -1.31163
1.04288 -0.665128 -1.30852
1.0433 -0.663332 -1.30544
1.04355 -0.662292 -1.30367
1.04397 -0.660513 -1.30063
1.0444 -0.658744 -1.29763
1.04464 -0.65772 -1.29589
1.04507 -0.655968 -1.29293
1.04549 -0.654226 -1.29
1.04574 -0.653218 -1.2883
1.04616 -0.651492 -1.28541
1.04659 -0.649777 -1.28255
1.04684 -0.648783 -1.28089
1.04726 -0.647084 -1.27807
1.04768 -0.645394 -1.27527
1.04793 -0.644416 -1.27365
1.04836 -0.642741 -1.27089
1.04878 -0.641078 -1.26815
1.04903 -0.640106 -1.26658
1.04945 -0.638461 -1.26387
1.04988 -0.636795 -1.26123
1.05107 -0.632277 -1.25377
1.05475 -0.61864 -1.23203
1.05843 -0.60566 -1.21172
1.06057 -0.598385 -1.20049
1.06425 -0.586292 -1.18221
1.06793 -0.574735 -1.165
1.07007 -0.568241 -1.15544
1.07375 -0.557423 -1.13979
1.07743 -0.54705 -1.12498
1.07957 -0.541206 -1.11672
1.08325 -0.531455 -1.10314
1.08693 -0.522077 -1.09025
1.08907 -0.516783 -1.08304
1.09275 -0.507932 -1.07115
1.09643 -0.499398 -1.05982
1.09857 -0.49457 -1.05347
1.10225 -0.486486 -1.04298
1.10593 -0.478672 -1.03296
1.10807 -0.474243 -1.02733
1.11175 -0.466815 -1.01802
1.11543 -0.459618 -1.00912
1.11757 -0.455531 -1.00412
1.12125 -0.448666 -0.995824
1.12493 -0.441999 -0.987885
1.12707 -0.438206 -0.98342
1.13075 -0.431825 -0.976014
1.13443 -0.425615 -0.96892
1.13657 -0.422076 -0.964929
1.14025 -0.416111 -0.958306
1.14393 -0.410293 -0.951961
1.14607 -0.406971 -0.948392
1.14975 -0.401364 -0.942468
1.15343 -0.395882 -0.936795
1.15557 -0.392746 -0.933604
1.15925 -0.387444 -0.928311
1.16293 -0.382248 -0.923246
1.16507 -0.37927 -0.9204
1.16875 -0.374225 -0.915681
1.17243 -0.369269 -0.911172
1.17457 -0.366423 -0.908641
1.17825 -0.361593 -0.904452
1.18193 -0.356835 -0.900456
1.18407 -0.354097 -0.898218
1.18775 -0.349441 -0.894521
1.19143 -0.344842 -0.891007
1.19357 -0.342188 -0.889047
1.19725 -0.337667 -0.885819
1.20093 -0.333182 -0.882779
1.20307 -0.330576 -0.8811
1.20675 -0.326091 -0.878331
1.21043 -0.321606 -0.875714
1.21257 -0.318992 -0.874245
1.21625 -0.314502 -0.871832
1.21993 -0.310009 -0.86954
1.22207 -0.30739 -0.868261
1.22575 -0.30289 -0.866148
1.22943 -0.298383 -0.864149
1.23157 -0.295755 -0.863028
1.23525 -0.291234 -0.861191
1.23893 -0.286702 -0.859451
1.24107 -0.284055 -0.858485
1.24475 -0.2795 -0.856893
1.24843 -0.274925 -0.855402
1.25057 -0.27225 -0.854564
1.25425 -0.267639 -0.853212
1.25793 -0.262998 -0.851937
1.26007 -0.260281 -0.851246
1.26375 -0.255589 -0.8501
1.26743 -0.250855 -0.849059
1.26957 -0.248074 -0.848461
1.27325 -0.243267 -0.84754
1.27693 -0.238394 -0.846679
1.27907 -0.23554 -0.84623
1.28275 -0.230553 -0.845494
1.28643 -0.225523 -0.844827
1.28857 -0.222417 -0.844583
1.29225 -0.217292 -0.843927
1.29593 -0.21162 -0.843852
1.29807 -0.209304 -0.842383
1.30175 -0.20245 -0.843447
1.30543 -0.196245 -0.840023
1.30757 -0.194562 -0.841835
1.31125 -0.187923 -0.841108
1.31493 -0.18163 -0.840298
1.31707 -0.177978 -0.839663
1.32075 -0.171684 -0.83862
1.32443 -0.165378 -0.837373
1.32657 -0.161703 -0.836666
1.33025 -0.155384 -0.835231
1.33393 -0.149069 -0.833731
1.33607 -0.145401 -0.832766
1.33975 -0.139103 -0.831094
1.34343 -0.132827 -0.829283
1.34557 -0.129185 -0.828217
1.34925 -0.12295 -0.826252
1.35293 -0.116748 -0.824213
1.35507 -0.113156 -0.82297
1.35875 -0.107012 -0.820791
1.36243 -0.100912 -0.818513
1.36457 -0.0973813 -0.817162
1.36825 -0.0913529 -0.814757
1.37193 -0.0853738 -0.812282
1.37407 -0.0819184 -0.810803
1.37775 -0.0760212 -0.808213
1.38143 -0.0701799 -0.805548
1.38357 -0.0668058 -0.803972
1.38725 -0.061054 -0.801203
1.39093 -0.0553613 -0.798375
1.39307 -0.052076 -0.796701
1.39675 -0.0464786 -0.793778
1.40043 -0.0409436 -0.790799
1.40257 -0.037751 -0.789042
1.40625 -0.0323156 -0.785979
1.40993 -0.0269445 -0.782866
1.41207 -0.0238483 -0.781034
1.41575 -0.0185796 -0.777846
1.41943 -0.0133769 -0.774614
1.42157 -0.0103791 -0.772715
1.42525 -0.00528073 -0.769417
1.42893 -0.000249039 -0.76608
1.43107 0.00264877 -0.764121
1.43475 0.00757494 -0.760726
1.43843 0.012434 -0.757296
1.44057 0.0152312 -0.755286
1.44425 0.0199843 -0.751805
1.44793 0.0246703 -0.748294
1.45007 0.0273668 -0.746239
1.45375 0.0319469 -0.742684
1.45743 0.0364603 -0.739104
1.45957 0.0390564 -0.737009
1.46325 0.0434645 -0.733391
1.46693 0.0478063 -0.729751
1.46907 0.0503029 -0.727624
1.47275 0.0545405 -0.723952
1.47643 0.0587125 -0.720262
1.47857 0.0611107 -0.718106
1.48225 0.0651798 -0.71439
1.48593 0.0691843 -0.710658
1.48807 0.0714854 -0.70848
1.49175 0.0753886 -0.704727
1.49543 0.0792283 -0.700963
1.49757 0.081434 -0.698767
1.50125 0.0851741 -0.694985
1.50493 0.088852 -0.691195
1.50707 0.0909641 -0.688985
1.51075 0.0945443 -0.685183
1.51443 0.0980636 -0.681373
1.51657 0.100084 -0.679154
1.52025 0.103508 -0.675337
1.52393 0.106872 -0.671515
1.52607 0.108803 -0.66929
1.52975 0.112074 -0.665464
1.53343 0.115287 -0.661636
1.53557 0.11713 -0.659408
1.53925 0.120252 -0.655579
1.54293 0.123318 -0.651751
1.54507 0.125076 -0.649523
1.54875 0.128053 -0.645696
1.55243 0.130974 -0.641872
1.55457 0.13265 -0.639648
1.55825 0.135485 -0.635828
1.56193 0.138267 -0.632013
1.56407 0.139862 -0.629795
1.56775 0.14256 -0.625987
1.57143 0.145207 -0.622184
1.57357 0.146723 -0.619975
1.57725 0.149288 -0.616182
1.58093 0.151803 -0.612397
1.58307 0.153244 -0.610198
1.58675 0.15568 -0.606425
1.59043 0.158067 -0.60266
1.59257 0.159434 -0.600473
1.59625 0.161745 -0.596723
1.59993 0.164009 -0.592982
1.60207 0.165305 -0.59081
1.60575 0.167495 -0.587085
1.60943 0.169639 -0.583371
1.61157 0.170866 -0.581215
1.61525 0.172939 -0.577519
1.61893 0.174968 -0.573835
1.62107 0.176128 -0.571696
1.62475 0.178088 -0.568031
1.62843 0.180005 -0.564379
1.63057 0.181102 -0.562259
1.63425 0.182952 -0.558627
1.63793 0.184762 -0.555009
1.64007 0.185796 -0.55291
1.64375 0.187541 -0.549314
1.64743 0.189247 -0.545732
1.64957 0.190221 -0.543654
1.65325 0.191865 -0.540095
1.65693 0.19347 -0.536551
1.65907 0.194387 -0.534495
1.66275 0.195932 -0.530975
1.66643 0.197441 -0.52747
1.66857 0.198302 -0.525438
1.67225 0.199753 -0.521958
1.67593 0.201169 -0.518494
1.67807 0.201977 -0.516486
1.68175 0.203337 -0.513048
1.68543 0.204663 -0.509626
1.68757 0.20542 -0.507642
1.69125 0.206693 -0.504247
1.69493 0.207933 -0.500868
1.69707 0.208639 -0.49891
1.70075 0.209828 -0.495558
1.70443 0.210986 -0.492224
1.70657 0.211645 -0.490291
1.71025 0.212753 -0.486984
1.71393 0.213831 -0.483694
1.71607 0.214444 -0.481787
1.71975 0.215475 -0.478526
1.72343 0.216476 -0.475281
1.72557 0.217046 -0.473401
1.72925 0.218002 -0.470185
1.73293 0.21893 -0.466987
1.73507 0.219457 -0.465134
1.73875 0.220341 -0.461964
1.74243 0.221199 -0.458813
1.74457 0.221686 -0.456987
1.74825 0.222502 -0.453863
1.75193 0.223292 -0.450758
1.75407 0.22374 -0.44896
1.75775 0.22449 -0.445884
1.76143 0.225215 -0.442826
1.76357 0.225626 -0.441054
1.76725 0.226313 -0.438025
1.77093 0.226976 -0.435015
1.77307 0.227351 -0.433271
1.77675 0.227978 -0.430289
1.78043 0.228581 -0.427325
1.78257 0.228922 -0.425609
1.78625 0.229491 -0.422675
1.78993 0.230038 -0.419758
1.79207 0.230346 -0.418069
1.79575 0.230859 -0.415182
1.79943 0.231351 -0.412313
1.80157 0.231628 -0.410652
1.80525 0.232089 -0.407811
1.80893 0.232529 -0.404989
1.81107 0.232776 -0.403355
1.81475 0.233185 -0.400562
1.81843 0.233575 -0.397787
1.82057 0.233794 -0.39618
1.82425 0.234154 -0.393434
1.82793 0.234497 -0.390705
1.83007 0.234688 -0.389126
1.83375 0.235002 -0.386426
1.83743 0.235299 -0.383744
1.83957 0.235464 -0.382191
1.84325 0.235734 -0.379537
1.84693 0.235988 -0.376901
1.84907 0.236128 -0.375375
1.85275 0.236355 -0.372767
1.85643 0.236567 -0.370177
1.85857 0.236683 -0.368678
1.86225 0.236871 -0.366115
1.86593 0.237043 -0.36357
1.86807 0.237136 -0.362097
1.87175 0.237285 -0.35958
1.87543 0.237419 -0.35708
1.87757 0.237491 -0.355633
1.88125 0.237603 -0.35316
1.88493 0.237701 -0.350705
1.88707 0.237752 -0.349283
1.89075 0.237829 -0.346855
1.89443 0.237893 -0.344443
1.89657 0.237924 -0.343047
1.90025 0.237967 -0.340663
1.90393 0.237998 -0.338295
1.90607 0.238011 -0.336924
1.90975 0.238022 -0.334582
1.91343 0.238022 -0.332257
1.91557 0.238017 -0.330912
1.91925 0.237998 -0.328613
1.92293 0.237968 -0.32633
1.92507 0.237945 -0.325009
1.92875 0.237898 -0.322752
1.93243 0.23784 -0.320511
1.93457 0.237801 -0.319215
1.93825 0.237726 -0.316999
1.94193 0.237641 -0.3148
1.94407 0.237587 -0.313527
1.94775 0.237486 -0.311353
1.95143 0.237375 -0.309194
1.95357 0.237306 -0.307945
1.95725 0.237181 -0.305811
1.96093 0.237046 -0.303693
1.96307 0.236963 -0.302467
1.96675 0.236814 -0.300373
1.97043 0.236656 -0.298294
1.97257 0.23656 -0.297091
1.97625 0.236389 -0.295036
1.97993 0.236209 -0.292996
1.98207 0.2361 -0.291816
1.98575 0.235908 -0.2898
1.98943 0.235707 -0.287798
1.99157 0.235587 -0.28664
1.99525 0.235374 -0.284662
1.99893 0.235154 -0.282699
2.00338 0.234878 -0.280342
2.015 0.234108 -0.274291
2.02662 0.233272 -0.268379
2.03338 0.232757 -0.265002
2.045 0.231825 -0.259308
2.05662 0.230837 -0.253746
2.06338 0.230238 -0.250569
2.075 0.229171 -0.245212
2.08662 0.228058 -0.23998
2.09338 0.22739 -0.236992
2.105 0.226211 -0.231955
2.11662 0.224994 -0.227035
2.12338 0.22427 -0.224226
2.135 0.223 -0.219489
2.14662 0.2217 -0.214863
2.15338 0.22093 -0.212222
2.165 0.219587 -0.207768
2.17662 0.218221 -0.20342
2.18338 0.217415 -0.200936
2.195 0.216016 -0.196749
2.20662 0.214597 -0.19266
2.21338 0.213764 -0.190325
2.225 0.212321 -0.186389
2.23662 0.210864 -0.182544
2.24338 0.21001 -0.180349
2.255 0.208536 -0.176647
2.26662 0.207051 -0.173032
2.27338 0.206183 -0.170967
2.285 0.204686 -0.167485
2.29662 0.203183 -0.164085
2.30338 0.202306 -0.162143
2.315 0.200797 -0.158868
2.32662 0.199284 -0.15567
2.33338 0.198402 -0.153843
2.345 0.196887 -0.150761
2.35662 0.195371 -0.147751
2.36338 0.194489 -0.146032
2.375 0.192975 -0.143132
2.38662 0.191462 -0.140299
2.39338 0.190582 -0.138681
2.405 0.189074 -0.135951
2.41662 0.187569 -0.133283
2.42338 0.186695 -0.131759
2.435 0.185197 -0.129188
2.44662 0.183704 -0.126676
2.45338 0.182838 -0.125241
2.465 0.181355 -0.122819
2.47662 0.179878 -0.120452
2.48338 0.179021 -0.119099
2.495 0.177556 -0.116817
2.50662 0.176098 -0.114586
2.51338 0.175252 -0.113311
2.525 0.173807 -0.11116
2.53662 0.17237 -0.109056
2.54338 0.171538 -0.107854
2.555 0.170115 -0.105825
2.56662 0.168701 -0.103841
2.57338 0.167882 -0.102707
2.585 0.166484 -0.100792
2.59662 0.165095 -0.0989199
2.60338 0.164291 -0.0978495
2.615 0.162918 -0.0960425
2.62662 0.161554 -0.0942752
2.63338 0.160766 -0.0932646
2.645 0.159419 -0.0915583
2.65662 0.158083 -0.0898892
2.66338 0.157311 -0.0889347
2.675 0.155992 -0.0873228
2.68662 0.154683 -0.0857459
2.69338 0.153927 -0.0848438
2.705 0.152636 -0.0833205
2.71662 0.151356 -0.08183
2.72338 0.150616 -0.0809772
2.735 0.149353 -0.079537
2.74662 0.148102 -0.0781275
2.75338 0.147378 -0.077321
2.765 0.146144 -0.0759587
2.77662 0.144922 -0.0746252
2.78338 0.144215 -0.0738622
2.795 0.14301 -0.072573
2.80662 0.141815 -0.0713109
2.81338 0.141125 -0.0705886
2.825 0.139949 -0.0693681
2.83662 0.138783 -0.0681731
2.84338 0.13811 -0.0674891
2.855 0.136962 -0.0663331
2.86662 0.135824 -0.0652011
2.87338 0.135167 -0.064553
2.885 0.134047 -0.0634577
2.89662 0.132938 -0.0623848
2.90338 0.132298 -0.0617706
2.915 0.131206 -0.0607323
2.92662 0.130124 -0.0597151
2.93338 0.1295 -0.0591326
2.945 0.128435 -0.0581479
2.95662 0.127381 -0.057183
2.96338 0.126772 -0.0566304
2.975 0.125735 -0.0556961
2.98662 0.124707 -0.0547805
2.99338 0.124114 -0.0542561
3.005 0.123103 -0.0533692
3.01662 0.122102 -0.0525
3.02338 0.121525 -0.0520021
3.035 0.12054 -0.0511599
3.04662 0.119565 -0.0503343
3.05338 0.119002 -0.0498613
3.065 0.118042 -0.0490612
3.07662 0.117093 -0.0482768
3.08338 0.116544 -0.0478273
3.095 0.11561 -0.0470669
3.10662 0.114685 -0.0463212
3.11338 0.114151 -0.0458939
3.125 0.113241 -0.0451708
3.13662 0.11234 -0.0444617
3.14338 0.11182 -0.0440553
3.155 0.110934 -0.0433675
3.16662 0.110057 -0.0426928
3.17338 0.109551 -0.0423061
3.185 0.108688 -0.0416516
3.19662 0.107834 -0.0410095
3.20338 0.10734 -0.0406414
3.215 0.1065 -0.0400183
3.22662 0.105668 -0.0394069
3.23338 0.105188 -0.0390563
3.245 0.10437 -0.0384629
3.25662 0.10356 -0.0378805
3.26338 0.103093 -0.0375465
3.275 0.102296 -0.0369811
3.28662 0.101507 -0.0364261
3.29338 0.101052 -0.0361078
3.305 0.100276 -0.0355689
3.31662 0.0995083 -0.0350398
3.32338 0.099065 -0.0347364
3.335 0.0983095 -0.0342225
3.34662 0.0975617 -0.0337179
3.35338 0.0971299 -0.0334284
3.365 0.0963942 -0.0329382
3.37662 0.0956659 -0.0324568
3.38338 0.0952455 -0.0321807
3.395 0.0945289 -0.0317128
3.40662 0.0938196 -0.0312534
3.41338 0.0934102 -0.0309898
3.425 0.0927123 -0.0305432
3.43662 0.0920214 -0.0301045
3.44338 0.0916226 -0.0298527
3.455 0.0909428 -0.0294262
3.46662 0.0902699 -0.0290072
3.47338 0.0898814 -0.0287668
3.485 0.0892193 -0.0283593
3.49662 0.0885638 -0.0279589
3.50338 0.0881853 -0.0277291
3.515 0.0875402 -0.0273397
3.52662 0.0869016 -0.026957
3.53338 0.0865329 -0.0267373
3.545 0.0859044 -0.026365
3.55662 0.0852822 -0.025999
3.56338 0.084923 -0.025789
3.575 0.0843106 -0.0254329
3.58662 0.0837043 -0.0250828
3.59338 0.0833542 -0.0248818
3.605 0.0827575 -0.0245411
3.61662 0.0821666 -0.0242062
3.62338 0.0818255 -0.0240139
3.635 0.0812439 -0.0236878
3.64662 0.080668 -0.0233672
3.65338 0.0803355 -0.023183
3.665 0.0797687 -0.0228708
3.67662 0.0792074 -0.0225638
3.68338 0.0788832 -0.0223875
3.695 0.0783307 -0.0220885
3.70662 0.0777835 -0.0217944
3.71338 0.0774675 -0.0216255
3.725 0.0769288 -0.021339
3.73662 0.0763953 -0.0210572
3.74338 0.0760872 -0.0208953
3.755 0.0755619 -0.0206208
3.76662 0.0750417 -0.0203507
3.77338 0.0747413 -0.0201955
3.785 0.0742291 -0.0199323
3.79662 0.0737218 -0.0196733
3.80338 0.0734288 -0.0195245
3.815 0.0729293 -0.019272
3.82662 0.0724345 -0.0190236
3.83338 0.0721487 -0.0188809
3.845 0.0716614 -0.0186387
3.85662 0.0711788 -0.0184004
3.86338 0.0709 -0.0182634
3.875 0.0704247 -0.018031
3.88662 0.0699538 -0.0178022
3.89338 0.0696818 -0.0176708
3.905 0.069218 -0.0174477
3.91662 0.0687586 -0.017228
3.92338 0.0684933 -0.0171018
3.935 0.0680407 -0.0168876
3.94662 0.0675924 -0.0166767
3.95338 0.0673334 -0.0165554
3.965 0.0668917 -0.0163497
3.97662 0.0664542 -0.0161471
3.98338 0.0662014 -0.0160306
3.995 0.0657703 -0.0158329
4.00662 0.0653432 -0.0156382
4.01338 0.0650965 -0.0155262
4.025 0.0646756 -0.0153362
4.03662 0.0642587 -0.0151491
4.04338 0.0640178 -0.0150414
4.055 0.0636069 -0.0148587
4.06662 0.0631998 -0.0146788
4.07338 0.0629646 -0.0145753
4.085 0.0625634 -0.0143996
4.09662 0.0621659 -0.0142266
4.10338 0.0619362 -0.014127
4.115 0.0615444 -0.013958
4.12662 0.0611562 -0.0137915
4.13338 0.0609318 -0.0136958
4.145 0.0605492 -0.0135331
4.15662 0.0601699 -0.0133729
4.16338 0.0599508 -0.0132807
4.175 0.059577 -0.0131242
4.18662 0.0592065 -0.01297
4.19338 0.0589924 -0.0128813
4.205 0.0586272 -0.0127306
4.21662 0.0582652 -0.012582
4.22338 0.0580561 -0.0124966
4.235 0.0576992 -0.0123515
4.24662 0.0573455 -0.0122084
4.25338 0.0571411 -0.0121262
4.265 0.0567923 -0.0119864
4.27662 0.0564467 -0.0118486
4.28338 0.0562469 -0.0117693
4.295 0.055906 -0.0116346
4.30662 0.0555681 -0.0115018
4.31338 0.0553729 -0.0114254
4.325 0.0550397 -0.0112955
4.33662 0.0547094 -0.0111676
4.34338 0.0545184 -0.0110939
4.355 0.0541927 -0.0109687
4.36662 0.0538697 -0.0108453
4.37338 0.0536831 -0.0107743
4.385 0.0533646 -0.0106536
4.39662 0.0530488 -0.0105346
4.40338 0.0528663 -0.0104661
4.415 0.0525548 -0.0103497
4.42662 0.0522459 -0.0102349
4.43338 0.0520674 -0.0101688
4.445 0.0517628 -0.0100565
4.45662 0.0514607 -0.00994576
4.46338 0.0512861 -0.009882
4.475 0.0509881 -0.00977362
4.48662 0.0506926 -0.00966672
4.49338 0.0505218 -0.00960518
4.505 0.0502302 -0.00950057
4.51662 0.0499412 -0.00939737
4.52338 0.049774 -0.00933795
4.535 0.0494888 -0.00923695
4.54662 0.0492059 -0.00913731
4.55338 0.0490424 -0.00907994
4.565 0.0487632 -0.0089824
4.57662 0.0484864 -0.00888617
4.58338 0.0483263 -0.00883075
4.595 0.0480531 -0.00873653
4.60662 0.0477822 -0.00864357
4.61338 0.0476256 -0.00859003
4.625 0.0473582 -0.00849901
4.63662 0.0470929 -0.00840918
4.64338 0.0469396 -0.00835745
4.655 0.0466778 -0.00826948
4.66662 0.0464182 -0.00818266
4.67338 0.046268 -0.00813266
4.685 0.0460117 -0.00804763
4.69662 0.0457575 -0.00796371
4.70338 0.0456105 -0.00791537
4.715 0.0453595 -0.00783316
4.72662 0.0451106 -0.00775202
4.73338 0.0449666 -0.00770527
4.745 0.0447209 -0.00762578
4.75662 0.0444771 -0.0075473
4.76338 0.0443361 -0.00750209
4.775 0.0440953 -0.0074252
4.78662 0.0438565 -0.00734929
4.79338 0.0437184 -0.00730555
4.805 0.0434826 -0.00723116
4.81662 0.0432487 -0.00715772
4.82338 0.0431134 -0.0071154
4.835 0.0428824 -0.00704342
4.84662 0.0426532 -0.00697234
4.85338 0.0425206 -0.00693139
4.865 0.0422943 -0.00686172
4.87662 0.0420697 -0.00679292
4.88338 0.0419398 -0.00675327
4.895 0.041718 -0.00668583
4.90662 0.041498 -0.00661922
4.91338 0.0413707 -0.00658084
4.925 0.0411533 -0.00651554
4.93662 0.0409376 -0.00645104
4.94338 0.0408128 -0.00641387
4.955 0.0405998 -0.00635062
4.96662 0.0403884 -0.00628816
4.97338 0.0402661 -0.00625216
4.985 0.0400572 -0.00619089
4.99662 0.03985 -0.00613038
5.01127 0.0395908 -0.00605512
5.05 0.0389179 -0.00586167
5.08873 0.0382616 -0.00567588
5.11127 0.0378872 -0.00557113
5.15 0.0372566 -0.00539673
5.18873 0.0366413 -0.00522909
5.21127 0.0362902 -0.00513452
5.25 0.0356984 -0.00497697
5.28873 0.0351208 -0.0048254
5.31127 0.034791 -0.00473985
5.35 0.0342351 -0.00459723
5.38873 0.0336923 -0.00445993
5.41127 0.0333822 -0.00438238
5.45 0.0328593 -0.00425303
5.48873 0.0323485 -0.00412842
5.51127 0.0320567 -0.00405799
5.55 0.0315643 -0.00394046
5.58873 0.0310831 -0.00382715
5.61127 0.0308081 -0.00376308
5.65 0.030344 -0.0036561
5.68873 0.0298902 -0.00355289
5.71127 0.0296307 -0.0034945
5.75 0.0291927 -0.00339694
5.78873 0.0287643 -0.00330277
5.81127 0.0285193 -0.00324947
5.85 0.0281056 -0.00316037
5.88873 0.0277007 -0.0030743
5.91127 0.0274691 -0.00302556
5.95 0.0270778 -0.00294405
5.98873 0.0266949 -0.00286526
6.01127 0.0264757 -0.00282063
6.05 0.0261054 -0.00274594
6.08873 0.0257427 -0.00267371
6.11127 0.0255351 -0.00263277
6.15 0.0251843 -0.00256424
6.18873 0.0248406 -0.00249792
6.21127 0.0246438 -0.00246031
6.25 0.0243111 -0.00239734
6.28873 0.023985 -0.00233636
6.31127 0.0237983 -0.00230177
6.35 0.0234825 -0.00224381
6.38873 0.0231729 -0.00218767
6.41127 0.0229955 -0.0021558
6.45 0.0226955 -0.0021024
6.48873 0.0224014 -0.00205064
6.51127 0.0222328 -0.00202125
6.55 0.0219475 -0.00197197
6.58873 0.0216677 -0.00192418
6.61127 0.0215074 -0.00189704
6.65 0.021236 -0.00185151
6.68873 0.0209696 -0.00180734
6.71127 0.020817 -0.00178224
6.75 0.0205585 -0.00174012
6.78873 0.0203048 -0.00169925
6.81127 0.0201593 -0.00167601
6.85 0.019913 -0.001637
6.88873 0.0196712 -0.00159913
6.91127 0.0195324 -0.00157759
6.95 0.0192975 -0.00154142
6.98873 0.0190668 -0.00150629
7.01127 0.0189344 -0.0014863
7.05 0.0187102 -0.00145273
7.08873 0.0184899 -0.0014201
7.11127 0.0183635 -0.00140153
7.15 0.0181493 -0.00137033
7.18873 0.0179389 -0.00134
7.21127 0.0178181 -0.00132273
7.25 0.0176134 -0.0012937
7.28873 0.0174123 -0.00126547
7.31127 0.0172968 -0.0012494
7.35 0.017101 -0.00122237
7.38873 0.0169085 -0.00119607
7.41127 0.016798 -0.00118109
7.45 0.0166107 -0.00115589
7.48873 0.0164265 -0.00113137
7.51127 0.0163207 -0.00111739
7.55 0.0161412 -0.00109388
7.58873 0.0159648 -0.00107099
7.61127 0.0158634 -0.00105794
7.65 0.0156915 -0.00103598
7.68873 0.0155224 -0.00101459
7.71127 0.0154252 -0.0010024
7.75 0.0152604 -0.000981869
7.78873 0.0150982 -0.000961865
7.81127 0.015005 -0.000950458
7.85 0.0148469 -0.000931251
7.88873 0.0146912 -0.000912527
7.91127 0.0146018 -0.000901847
7.95 0.01445 -0.000883859
7.98873 0.0143006 -0.000866318
8.01127 0.0142147 -0.00085631
8.05 0.0140689 -0.000839449
8.08873 0.0139254 -0.000823002
8.11127 0.0138429 -0.000813616
8.15 0.0137028 -0.000797799
8.18873 0.0135649 -0.000782366
8.21127 0.0134856 -0.000773556
8.25 0.0133509 -0.000758706
8.28873 0.0132182 -0.000744212
8.31127 0.0131419 -0.000735936
8.35 0.0130124 -0.000721983
8.38873 0.0128848 -0.00070836
8.41127 0.0128114 -0.000700579
8.45 0.0126867 -0.000687459
8.48873 0.0125639 -0.000674645
8.51127 0.0124932 -0.000667325
8.55 0.0123732 -0.000654979
8.58873 0.0122549 -0.000642917
8.61127 0.0121868 -0.000636025
8.65 0.0120712 -0.000624398
8.68873 0.0119572 -0.000613036
8.71127 0.0118916 -0.000606543
8.75 0.0117801 -0.000595586
8.78873 0.0116703 -0.000584875
8.81127 0.011607 -0.000578753
8.85 0.0114996 -0.00056842
8.88873 0.0113936 -0.000558316
8.91127 0.0113327 -0.00055254
8.95 0.011229 -0.000542788
8.98873 0.0111268 -0.000533251
9.01127 0.011068 -0.000527798
9.05 0.010968 -0.000518589
9.08873 0.0108693 -0.000509581
9.11127 0.0108125 -0.000504429
9.15 0.010716 -0.000495727
9.18873 0.0106207 -0.000487213
9.21127 0.0105659 -0.000482342
9.25 0.0104727 -0.000474115
9.28873 0.0103807 -0.000466063
9.31127 0.0103277 -0.000461455
9.35 0.0102376 -0.000453672
9.38873 0.0101487 -0.000446052
9.41127 0.0100975 -0.000441691
9.45 0.0100105 -0.000434323
9.48873 0.00992462 -0.000427109
9.51127 0.00987515 -0.000422979
9.55 0.00979103 -0.000416001
9.58873 0.00970801 -0.000409167
9.61127 0.0096602 -0.000405255
9.65 0.0095789 -0.000398644
9.68873 0.0094987 -0.000392169
9.71127 0.00945251 -0.000388462
9.75 0.00937404 -0.000382198
9.78873 0.00929671 -0.000376067
9.81127 0.00925228 -0.00037256
9.85 0.00917713 -0.000366646
9.88873 0.00910538 -0.000360938
11.1575 0.00706095 -0.000220166
19.8 0.00217123 -2.15766e-05
87.8425 0.00010813 -5.47157e-08
