0 0 0
0.001 1.19824e-06 0
0.002 4.79305e-06 0
0.003 1.07847e-05 0
0.004 1.91735e-05 0
0.005 2.99601e-05 0
0.006 4.31452e-05 0
0.007 5.87297e-05 0
0.008 7.67147e-05 0
0.009 9.71013e-05 0
0.01 0.000119891 0
0.011 0.000145085 0
0.012 0.000172686 0
0.013 0.000202695 0
0.014 0.000235114 0
0.015 0.000269945 0
0.016 0.000307191 0
0.017 0.000346854 0
0.018 0.000388938 0
0.019 0.000433444 0
0.02 0.000480376 0
0.021 0.000529737 0
0.022 0.000581531 0
0.023 0.000635761 0
0.024 0.00069243 0
0.025 0.000751543 0
0.026 0.000813103 0
0.027 0.000877116 0
0.028 0.000943584 0
0.029 0.00101251 0
0.03 0.00108391 0
0.031 0.00115777 0
0.032 0.00123411 0
0.033 0.00131294 0
0.034 0.00139424 0
0.035 0.00147804 0
0.036 0.00156434 0
0.037 0.00165314 0
0.038 0.00174445 0
0.039 0.00183828 0
0.04 0.00193463 0
0.041 0.00203351 0
0.042 0.00213492 0
0.043 0.00223888 0
0.044 0.00234539 0
0.045 0.00245445 0
0.046 0.00256609 0
0.047 0.0026803 0
0.048 0.00279708 0
0.049 0.00291646 0
0.05 0.00303844 0
0.051 0.00316302 0
0.052 0.00329023 0
0.053 0.00342005 0
0.054 0.00355251 0
0.055 0.00368762 0
0.056 0.00382537 0
0.057 0.0039658 0
0.058 0.00410889 0
0.059 0.00425467 0
0.06 0.00440315 0
0.061 0.00455432 0
0.062 0.00470822 0
0.063 0.00486485 0
0.064 0.00502421 0
0.065 0.00518632 0
0.066 0.0053512 0
0.067 0.00551885 0
0.068 0.00568929 0
0.069 0.00586253 0
0.07 0.00603859 0
0.071 0.00621747 0
0.072 0.00639919 0
0.073 0.00658376 0
0.074 0.0067712 0
0.075 0.00696152 0
0.076 0.00715474 0
0.077 0.00735087 0
0.078 0.00754993 0
0.079 0.00775192 0
0.08 0.00795687 0
0.081 0.0081648 0
0.082 0.00837571 0
0.083 0.00858963 0
0.084 0.00880657 0
0.085 0.00902655 0
0.086 0.00924959 0
0.087 0.0094757 0
0.088 0.0097049 0
0.089 0.00993721 0
0.09 0.0101726 0
0.091 0.0104112 0
0.092 0.010653 0
0.093 0.0108979 0
0.094 0.0111461 0
0.095 0.0113974 0
0.096 0.0116521 0
0.097 0.0119099 0
0.098 0.0121711 0
0.099 0.0124356 0
0.1 0.0127034 0
0.101 0.0129746 0
0.102 0.0132492 0
0.103 0.0135271 0
0.104 0.0138085 0
0.105 0.0140933 0
0.106 0.0143816 0
0.107 0.0146734 0
0.108 0.0149688 0
0.109 0.0152676 0
0.11 0.0155701 0
0.111 0.0158761 0
0.112 0.0161858 0
0.113 0.0164992 0
0.114 0.0168162 0
0.115 0.0171369 0
0.116 0.0174614 0
0.117 0.0177897 0
0.118 0.0181217 0
0.119 0.0184576 0
0.12 0.0187974 0
0.121 0.019141 0
0.122 0.0194886 0
0.123 0.0198401 0
0.124 0.0201957 0
0.125 0.0205552 0
0.126 0.0209189 0
0.127 0.0212866 0
0.128 0.0216584 0
0.129 0.0220344 0
0.13 0.0224147 0
0.131 0.0227992 0
0.132 0.0231879 0
0.133 0.023581 0
0.134 0.0239784 0
0.135 0.0243803 0
0.136 0.0247866 0
0.137 0.0251973 0
0.138 0.0256126 0
0.139 0.0260325 0
0.14 0.026457 0
0.141 0.0268861 0
0.142 0.02732 0
0.143 0.0277586 0
0.144 0.028202 0
0.145 0.0286503 0
0.146 0.0291035 0
0.147 0.0295616 0
0.148 0.0300247 0
0.149 0.0304929 0
0.15 0.0309661 0
0.151 0.0314446 0
0.152 0.0319283 0
0.153 0.0324172 0
0.154 0.0329115 0
0.155 0.0334111 0
0.156 0.0339163 0
0.157 0.0344269 0
0.158 0.0349431 0
0.159 0.035465 0
0.16 0.0359925 0
0.161 0.0365258 0
0.162 0.037065 0
0.163 0.0376101 0
0.164 0.0381612 0
0.165 0.0387183 0
0.166 0.0392815 0
0.167 0.039851 0
0.168 0.0404267 0
0.169 0.0410088 0
0.17 0.0415973 0
0.171 0.0421924 0
0.172 0.042794 0
0.173 0.0434024 0
0.174 0.0440175 0
0.175 0.0446395 0
0.176 0.0452684 0
0.177 0.0459045 0
0.178 0.0465476 0
0.179 0.047198 0
0.18 0.0478558 0
0.181 0.048521 0
0.182 0.0491938 0
0.183 0.0498743 0
0.184 0.0505625 0
0.185 0.0512587 0
0.186 0.0519628 0
0.187 0.0526751 0
0.188 0.0533957 0
0.189 0.0541246 0
0.19 0.054862 0
0.191 0.0556081 0
0.192 0.0563629 0
0.193 0.0571267 0
0.194 0.0578995 0
0.195 0.0586816 0
0.196 0.059473 0
0.197 0.0602739 0
0.198 0.0610846 0
0.199 0.061905 0
0.2 0.0627355 0
0.201 0.0635761 0
0.202 0.0644272 0
0.203 0.0652887 0
0.204 0.0661611 0
0.205 0.0670443 0
0.206 0.0679388 0
0.207 0.0688445 0
0.208 0.0697619 0
0.209 0.070691 0
0.21 0.0716322 0
0.211 0.0725856 0
0.212 0.0735515 0
0.213 0.0745302 0
0.214 0.075522 0
0.215 0.076527 0
0.216 0.0775456 0
0.217 0.0785781 0
0.218 0.0796248 0
0.219 0.080686 0
0.22 0.081762 0
0.221 0.0828532 0
0.222 0.0839599 0
0.223 0.0850825 0
0.224 0.0862213 0
0.225 0.0873769 0
0.226 0.0885495 0
0.227 0.0897396 0
0.228 0.0909477 0
0.229 0.0921743 0
0.23 0.0934198 0
0.231 0.0946848 0
0.232 0.0959698 0
0.233 0.0972754 0
0.234 0.0986021 0
0.235 0.0999507 0
0.236 0.101322 0
0.237 0.102716 0
0.238 0.104134 0
0.239 0.105577 0
0.24 0.107045 0
0.241 0.10854 0
0.242 0.110062 0
0.243 0.111612 0
0.244 0.113192 0
0.245 0.114802 0
0.246 0.116443 0
0.247 0.118118 0
0.248 0.119827 0
0.249 0.121571 0
0.25 0.123353 0
0.251 0.125174 0
0.252 0.127036 0
0.253 0.128941 0
0.254 0.130891 0
0.255 0.132888 0
0.256 0.134936 0
0.257 0.137036 0
0.258 0.139193 0
0.259 0.14141 0
0.26 0.14369 0
0.261 0.146039 0
0.262 0.148462 0
0.263 0.150963 0
0.264 0.153551 0
0.265 0.156233 0
0.266 0.159017 0
0.267 0.161915 0
0.268 0.164939 0
0.269 0.168106 0
0.27 0.171435 0
0.271 0.174952 0
0.272 0.178689 0
0.273 0.182691 0
0.274 0.187022 0
0.275 0.191779 0
0.276 0.197122 0
0.277 0.20336 0
0.278 0.211243 0
0.279 0.223839 0
0.279247 0.230948 0.00384598
0.279408 0.231637 0.00811738
0.279569 0.231589 0.0108241
0.279663 0.231791 0.0121323
0.279824 0.231968 0.0141042
0.279985 0.232126 0.0158402
0.280079 0.232229 0.0167725
0.28024 0.232401 0.0182684
0.280401 0.232567 0.0196574
0.280495 0.232666 0.0204258
0.280656 0.232836 0.0216868
0.280817 0.233002 0.0228842
0.280911 0.233101 0.0235561
0.281072 0.233269 0.0246716
0.281233 0.233436 0.025744
0.281327 0.233534 0.0263507
0.281488 0.233701 0.0273652
0.281649 0.233868 0.0283482
0.281743 0.233965 0.0289073
0.281904 0.234132 0.0298468
0.282065 0.234298 0.030762
0.282159 0.234395 0.0312845
0.28232 0.234561 0.0321656
0.282481 0.234727 0.0330274
0.282575 0.234824 0.0335208
0.282736 0.23499 0.034355
0.282897 0.235155 0.0351733
0.282991 0.235251 0.0356428
0.283152 0.235417 0.0364383
0.283313 0.235582 0.0372205
0.283407 0.235678 0.0376701
0.283568 0.235842 0.038433
0.283729 0.236007 0.0391846
0.283823 0.236102 0.0396172
0.283984 0.236267 0.0403524
0.284145 0.236431 0.0410778
0.284239 0.236526 0.0414958
0.2844 0.23669 0.0422069
0.284561 0.236853 0.0429095
0.284655 0.236948 0.0433148
0.284816 0.237112 0.0440049
0.284977 0.237275 0.0446875
0.285071 0.237369 0.0450816
0.285232 0.237532 0.0457532
0.285393 0.237694 0.0464182
0.285487 0.237789 0.0468023
0.285648 0.237951 0.0474574
0.285809 0.238113 0.0481067
0.285903 0.238207 0.0484819
0.286064 0.238369 0.0491223
0.286225 0.23853 0.0497574
0.286319 0.238624 0.0501247
0.28648 0.238785 0.0507519
0.286641 0.238946 0.0513742
0.286735 0.23904 0.0517343
0.286896 0.2392 0.0523495
0.287057 0.239361 0.0529603
0.287151 0.239454 0.0533139
0.287312 0.239614 0.0539182
0.287473 0.239774 0.0545185
0.287567 0.239867 0.0548661
0.287728 0.240026 0.0554605
0.287889 0.240186 0.0560512
0.287983 0.240278 0.0563934
0.288144 0.240437 0.0569786
0.288305 0.240596 0.0575606
0.288399 0.240688 0.0578978
0.28856 0.240847 0.0584747
0.288721 0.241005 0.0590486
0.288815 0.241097 0.0593812
0.288976 0.241255 0.0599504
0.289137 0.241413 0.0605168
0.289231 0.241504 0.0608453
0.289392 0.241662 0.0614074
0.289553 0.241819 0.0619669
0.289647 0.24191 0.0622914
0.289808 0.242067 0.062847
0.289969 0.242223 0.0634001
0.290063 0.242314 0.063721
0.290224 0.242471 0.0642705
0.290385 0.242627 0.0648177
0.290479 0.242717 0.0651353
0.29064 0.242873 0.0656791
0.290801 0.243028 0.0662208
0.290895 0.243119 0.0665352
0.291056 0.243274 0.0670738
0.291217 0.243429 0.0676104
0.291311 0.243519 0.0679219
0.291472 0.243673 0.0684555
0.291633 0.243827 0.0689874
0.291727 0.243917 0.0692962
0.291888 0.244071 0.0698252
0.292049 0.244225 0.0703526
0.292143 0.244314 0.0706589
0.292304 0.244467 0.0711837
0.292465 0.24462 0.0717069
0.292559 0.244709 0.0720107
0.29272 0.244862 0.0725315
0.292881 0.245015 0.0730509
0.292975 0.245103 0.0733525
0.293136 0.245255 0.0738695
0.293297 0.245407 0.0743852
0.293391 0.245496 0.0746847
0.293552 0.245647 0.0751983
0.293713 0.245798 0.0757105
0.293807 0.245886 0.0760081
0.293968 0.246037 0.0765183
0.294129 0.246188 0.0770274
0.294223 0.246276 0.0773231
0.294384 0.246426 0.0778303
0.294545 0.246576 0.0783363
0.294639 0.246663 0.0786303
0.2948 0.246813 0.0791345
0.294961 0.246963 0.0796377
0.295055 0.247049 0.0799301
0.295216 0.247198 0.0804316
0.295377 0.247347 0.0809321
0.295471 0.247434 0.081223
0.295632 0.247582 0.0817219
0.295793 0.247731 0.0822199
0.295887 0.247817 0.0825093
0.296048 0.247965 0.0830058
0.296209 0.248112 0.0835015
0.296303 0.248198 0.0837896
0.296464 0.248345 0.0842838
0.296625 0.248492 0.0847772
0.296719 0.248578 0.085064
0.29688 0.248724 0.0855561
0.297041 0.248871 0.0860474
0.297135 0.248956 0.086333
0.297296 0.249102 0.0868231
0.297457 0.249247 0.0873125
0.297551 0.249332 0.0875969
0.297712 0.249477 0.0880851
0.297873 0.249622 0.0885726
0.297967 0.249707 0.088856
0.298128 0.249851 0.0893424
0.298289 0.249996 0.0898282
0.298383 0.25008 0.0901106
0.298544 0.250224 0.0905953
0.298705 0.250367 0.0910794
0.298799 0.250451 0.0913608
0.29896 0.250594 0.0918439
0.299121 0.250738 0.0923265
0.299215 0.250821 0.092607
0.299376 0.250964 0.0930886
0.299537 0.251106 0.0935697
0.299631 0.251189 0.0938494
0.299792 0.251332 0.0943295
0.299953 0.251477 0.0948088
0.300774 0.252188 0.097249
0.303436 0.254472 0.105075
0.306098 0.256673 0.11282
0.307646 0.257919 0.117304
0.310308 0.259999 0.124981
0.31297 0.261991 0.132644
0.314518 0.26311 0.137104
0.31718 0.264964 0.144774
0.319842 0.266723 0.152466
0.32139 0.267701 0.156956
0.324052 0.269306 0.164695
0.326714 0.270808 0.172477
0.328262 0.271632 0.177025
0.330924 0.272965 0.184876
0.333586 0.274186 0.19278
0.335134 0.274842 0.197403
0.337796 0.27588 0.205389
0.340458 0.276796 0.213433
0.342006 0.277271 0.218139
0.344668 0.27799 0.22627
0.34733 0.278578 0.23446
0.348878 0.278858 0.239251
0.35154 0.279235 0.247528
0.354202 0.279473 0.255863
0.35575 0.279544 0.260736
0.358412 0.279557 0.269153
0.361074 0.279423 0.277624
0.362622 0.279275 0.282575
0.365284 0.278903 0.291121
0.367946 0.278376 0.299715
0.369494 0.277996 0.304735
0.372156 0.277219 0.313395
0.374818 0.276281 0.322095
0.376366 0.275659 0.327173
0.379028 0.27446 0.335926
0.38169 0.273094 0.344711
0.383238 0.272219 0.349834
0.3859 0.270583 0.358658
0.388562 0.268773 0.367504
0.39011 0.267639 0.372658
0.392772 0.265552 0.381527
0.395434 0.263288 0.390407
0.396982 0.261887 0.395576
0.399644 0.259339 0.404462
0.402306 0.25661 0.413347
0.403854 0.254938 0.418514
0.406516 0.251922 0.427387
0.409178 0.248723 0.436247
0.410726 0.246777 0.441393
0.413388 0.243288 0.450222
0.41605 0.239616 0.459025
0.417598 0.237395 0.464132
0.42026 0.233433 0.472885
0.422922 0.229288 0.481597
0.42447 0.226793 0.486647
0.427132 0.22236 0.49529
0.429794 0.217747 0.50388
0.431342 0.21498 0.508854
0.434004 0.210083 0.517355
0.436666 0.205009 0.52579
0.438214 0.201976 0.530668
0.440876 0.196624 0.538994
0.443538 0.191099 0.547243
0.445086 0.187807 0.552007
0.447748 0.182013 0.560128
0.45041 0.176053 0.568159
0.451958 0.17251 0.572792
0.45462 0.16629 0.580679
0.457282 0.159911 0.588464
0.45883 0.156129 0.592948
0.461492 0.149502 0.600573
0.464154 0.142724 0.608084
0.465702 0.138714 0.612406
0.468364 0.131701 0.619742
0.471026 0.124547 0.626956
0.472574 0.120323 0.631101
0.475236 0.112949 0.638126
0.477898 0.105444 0.64502
0.479446 0.10102 0.648976
0.482108 0.0933113 0.65567
0.48477 0.0854812 0.662226
0.486318 0.0808736 0.665982
0.48898 0.0728565 0.672328
0.491642 0.0647295 0.678529
0.49319 0.0599545 0.682076
0.495852 0.0516579 0.68806
0.498514 0.0432628 0.693894
0.500062 0.0383372 0.697227
0.502724 0.0297905 0.702837
0.505386 0.0211567 0.708295
0.506934 0.0160976 0.711407
0.509596 0.00733021 0.716637
0.512258 -0.00151278 0.721711
0.513806 -0.00668815 0.7246
0.516468 -0.0156469 0.729444
0.51913 -0.0246698 0.734132
0.520678 -0.0299446 0.736796
0.52334 -0.0390656 0.741254
0.526002 -0.0482398 0.745556
0.52755 -0.0535975 0.747995
0.530212 -0.0628528 0.752068
0.532874 -0.0721505 0.755985
0.534422 -0.0775754 0.758203
0.537084 -0.086938 0.761895
0.539746 -0.0963327 0.765433
0.541294 -0.10181 0.767432
0.543956 -0.111254 0.770749
0.546618 -0.120721 0.773916
0.548166 -0.126235 0.7757
0.550828 -0.135737 0.778652
0.55349 -0.145253 0.781458
0.555038 -0.150792 0.783034
0.5577 -0.16033 0.785631
0.560362 -0.169873 0.788087
0.56191 -0.175424 0.789462
0.564572 -0.184977 0.791717
0.567234 -0.194528 0.793836
0.568782 -0.200082 0.795017
0.571444 -0.209632 0.796944
0.574106 -0.219173 0.798741
0.575654 -0.224718 0.799738
0.578316 -0.234249 0.801352
0.580978 -0.243766 0.802843
0.582526 -0.249295 0.803664
0.585188 -0.258793 0.804982
0.58785 -0.268272 0.806182
0.589398 -0.273777 0.806838
0.59206 -0.283231 0.807876
0.594722 -0.292661 0.808804
0.59627 -0.298137 0.809304
0.598932 -0.307536 0.810079
0.601594 -0.316909 0.810752
0.603142 -0.32235 0.811107
0.605804 -0.331687 0.811638
0.608466 -0.340996 0.812074
0.610014 -0.346399 0.812294
0.612676 -0.355669 0.812597
0.615338 -0.36491 0.812814
0.616886 -0.370272 0.812909
0.619548 -0.379472 0.813004
0.62221 -0.38864 0.813018
0.623758 -0.393961 0.812999
0.62642 -0.403088 0.812903
0.629082 -0.412184 0.812733
0.63063 -0.417464 0.81261
0.633292 -0.426519 0.812339
0.635954 -0.435543 0.812003
0.637502 -0.440782 0.811785
0.640164 -0.449767 0.811357
0.642826 -0.458723 0.81087
0.644374 -0.463922 0.810568
0.647036 -0.472841 0.809999
0.649698 -0.481733 0.809378
0.651246 -0.486896 0.809
0.653908 -0.495754 0.808307
0.65657 -0.504587 0.807568
0.658118 -0.509718 0.807123
0.66078 -0.518521 0.80632
0.663442 -0.527304 0.805477
0.66499 -0.532407 0.804974
0.667652 -0.541165 0.804076
0.670314 -0.549906 0.803144
0.671862 -0.554987 0.802592
0.674524 -0.563709 0.801612
0.677186 -0.572418 0.800604
0.678734 -0.577483 0.800009
0.681396 -0.586181 0.798961
0.684058 -0.594871 0.79789
0.685606 -0.599927 0.797261
0.688268 -0.608614 0.796157
0.69093 -0.617297 0.795035
0.692478 -0.622353 0.794378
0.69514 -0.631042 0.793229
0.697802 -0.639734 0.792067
0.69935 -0.644798 0.791388
0.702012 -0.653505 0.790206
0.704674 -0.662222 0.789015
0.706222 -0.667304 0.78832
0.708884 -0.676047 0.787113
0.711546 -0.684806 0.785903
0.713094 -0.689917 0.785198
0.715756 -0.698713 0.783976
0.718418 -0.707535 0.782754
0.719966 -0.712686 0.782044
0.722628 -0.721557 0.780816
0.72529 -0.730461 0.779591
0.726838 -0.735665 0.778879
0.7295 -0.744632 0.777652
0.732162 -0.753642 0.776431
0.73371 -0.758912 0.775722
0.736372 -0.768 0.774502
0.739034 -0.777141 0.773292
0.740582 -0.782491 0.772589
0.743244 -0.791726 0.771382
0.745906 -0.801024 0.770186
0.747454 -0.806472 0.769492
0.750116 -0.815881 0.768302
0.752778 -0.825367 0.767126
0.754326 -0.830929 0.766443
0.756988 -0.840544 0.765274
0.75965 -0.850248 0.76412
0.761198 -0.855944 0.76345
0.76386 -0.865799 0.762303
0.766522 -0.875756 0.761174
0.76807 -0.881607 0.760517
0.770732 -0.891738 0.759394
0.773394 -0.901988 0.758289
0.774942 -0.908016 0.757646
0.777604 -0.918464 0.756546
0.780266 -0.929048 0.755464
0.781814 -0.93528 0.754833
0.784476 -0.94609 0.753754
0.787138 -0.957054 0.752692
0.788686 -0.963517 0.752071
0.791348 -0.974738 0.751008
0.79401 -0.986136 0.749961
0.795558 -0.992861 0.749347
0.79822 -1.00455 0.748294
0.800882 -1.01644 0.747255
0.80243 -1.02346 0.746641
0.805092 -1.03568 0.745589
0.807754 -1.04812 0.744545
0.809302 -1.05548 0.743926
0.811964 -1.06829 0.74286
0.814626 -1.08136 0.741799
0.816174 -1.0891 0.741165
0.818836 -1.10259 0.740068
0.821498 -1.11637 0.738968
0.823046 -1.12454 0.738306
0.825708 -1.1388 0.737156
0.82837 -1.15338 0.735993
0.829918 -1.16204 0.735287
0.83258 -1.17716 0.734052
0.835242 -1.19265 0.732793
0.83679 -1.20186 0.732022
0.839452 -1.21797 0.730664
0.842114 -1.2345 0.729266
0.843662 -1.24433 0.728402
0.846324 -1.26155 0.726872
0.848986 -1.27926 0.72528
0.850534 -1.2898 0.724288
0.853196 -1.3083 0.72252
0.855858 -1.32734 0.720662
0.857406 -1.33871 0.719496
0.860068 -1.35866 0.717406
0.86273 -1.37923 0.715188
0.864278 -1.39153 0.713789
0.86694 -1.41315 0.711266
0.869602 -1.43549 0.708567
0.87115 -1.44885 0.706856
0.873812 -1.47239 0.703755
0.876474 -1.49676 0.700412
0.878022 -1.51136 0.698287
0.880684 -1.53712 0.694415
0.883346 -1.56384 0.690213
0.884894 -1.57988 0.687535
0.887556 -1.60821 0.682634
0.890218 -1.63767 0.677284
0.891766 -1.65537 0.673865
0.894428 -1.68671 0.667586
0.89709 -1.71935 0.660691
0.898638 -1.73901 0.656277
0.9013 -1.77387 0.64814
0.903962 -1.81026 0.639156
0.90551 -1.83221 0.633392
0.908172 -1.8712 0.622728
0.910834 -1.912 0.610891
0.912382 -1.93665 0.60328
0.915044 -1.98053 0.589141
0.917706 -2.02653 0.573361
0.919254 -2.05435 0.563191
0.921916 -2.10399 0.544215
0.924578 -2.15612 0.522908
0.926126 -2.18768 0.509143
0.928788 -2.24409 0.483325
0.93145 -2.30336 0.454149
0.932998 -2.33926 0.435247
0.93566 -2.4035 0.399584
0.938322 -2.47093 0.358995
0.93987 -2.51172 0.332625
0.942532 -2.5847 0.282517
0.945194 -2.66092 0.22505
0.946742 -2.70685 0.187626
0.949404 -2.7887 0.115898
0.952066 -2.87307 0.0329974
0.953614 -2.9234 -0.0210409
0.956276 -3.01187 -0.125713
0.958938 -3.10006 -0.24746
0.960486 -3.15138 -0.326629
0.963148 -3.23772 -0.481911
0.96581 -3.31574 -0.66275
0.967358 -3.35789 -0.779223
0.97002 -3.41625 -1.01064
0.972682 -3.44599 -1.27645
0.97423 -3.45132 -1.44433
0.976892 -3.4143 -1.77769
0.979554 -3.29264 -2.14632
0.981102 -3.23014 -2.33559
0.983764 -2.88052 -2.80387
0.986426 -2.30803 -3.09803
0.987218 -2.02531 -3.13899
0.98728 -2.05058 -3.10756
0.987342 -2.04053 -3.18566
0.987378 -1.96877 -3.14174
0.98744 -1.95141 -3.11939
0.987502 -1.93494 -3.10204
0.987538 -1.92579 -3.09308
0.9876 -1.9121 -3.07907
0.987662 -1.89964 -3.06689
0.987698 -1.89245 -3.06017
0.98776 -1.88106 -3.04924
0.987822 -1.87023 -3.0393
0.987858 -1.86395 -3.03371
0.98792 -1.85374 -3.02448
0.987982 -1.84387 -3.0159
0.988018 -1.83813 -3.01104
0.98808 -1.82867 -3.00294
0.988142 -1.81945 -2.9953
0.988178 -1.81407 -2.99095
0.98824 -1.80515 -2.98367
0.988302 -1.79641 -2.97675
0.988338 -1.79131 -2.97279
0.9884 -1.7828 -2.96613
0.988462 -1.77442 -2.95976
0.988498 -1.76953 -2.95611
0.98856 -1.76134 -2.94996
0.988622 -1.75326 -2.94404
0.988658 -1.74855 -2.94064
0.98872 -1.74062 -2.9349
0.988782 -1.73278 -2.92936
0.988818 -1.72821 -2.92617
0.98888 -1.7205 -2.92077
0.988942 -1.71286 -2.91554
0.988978 -1.70841 -2.91252
0.98904 -1.70089 -2.90742
0.989102 -1.69343 -2.90246
0.989138 -1.68908 -2.8996
0.9892 -1.68171 -2.89474
0.989262 -1.6744 -2.89002
0.989298 -1.67014 -2.88729
0.98936 -1.66291 -2.88265
0.989422 -1.65573 -2.87813
0.989458 -1.65154 -2.87551
0.98952 -1.64443 -2.87107
0.989582 -1.63737 -2.86672
0.989618 -1.63325 -2.86421
0.98968 -1.62624 -2.85993
0.989742 -1.61927 -2.85574
0.989778 -1.61521 -2.85332
0.98984 -1.6083 -2.84919
0.989902 -1.60141 -2.84514
0.989938 -1.5974 -2.8428
0.99 -1.59057 -2.8388
0.990062 -1.58376 -2.83488
0.990098 -1.5798 -2.8326
0.99016 -1.57303 -2.82873
0.990222 -1.56629 -2.82491
0.990258 -1.56236 -2.8227
0.99032 -1.55566 -2.81893
0.990382 -1.54898 -2.81521
0.990418 -1.54508 -2.81306
0.99048 -1.53843 -2.80938
0.990542 -1.53179 -2.80576
0.990578 -1.52793 -2.80365
0.99064 -1.52132 -2.80006
0.990702 -1.51473 -2.79651
0.990738 -1.51088 -2.79445
0.9908 -1.50431 -2.79093
0.990862 -1.49775 -2.78746
0.990898 -1.49393 -2.78543
0.99096 -1.48739 -2.78198
0.991022 -1.48085 -2.77857
0.991058 -1.47705 -2.77658
0.99112 -1.47053 -2.77319
0.991182 -1.46402 -2.76984
0.991218 -1.46022 -2.76788
0.99128 -1.45372 -2.76454
0.991342 -1.44722 -2.76123
0.991378 -1.44343 -2.7593
0.99144 -1.43694 -2.75601
0.991502 -1.43045 -2.75274
0.991538 -1.42666 -2.75084
0.9916 -1.42017 -2.74759
0.991662 -1.41368 -2.74435
0.991698 -1.4099 -2.74247
0.99176 -1.4034 -2.73925
0.991822 -1.3969 -2.73605
0.991858 -1.39311 -2.73418
0.99192 -1.38661 -2.73099
0.991982 -1.38009 -2.72781
0.992018 -1.3763 -2.72596
0.99208 -1.36977 -2.72279
0.992142 -1.36324 -2.71963
0.992178 -1.35943 -2.71778
0.99224 -1.35288 -2.71463
0.992302 -1.34631 -2.71148
0.992338 -1.34248 -2.70964
0.9924 -1.3359 -2.7065
0.992462 -1.32929 -2.70336
0.992498 -1.32544 -2.70152
0.99256 -1.31881 -2.69838
0.992622 -1.31215 -2.69524
0.992658 -1.30827 -2.6934
0.99272 -1.30158 -2.69026
0.992782 -1.29487 -2.68711
0.992818 -1.29095 -2.68527
0.99288 -1.2842 -2.68212
0.992942 -1.27741 -2.67896
0.992978 -1.27345 -2.67711
0.99304 -1.26661 -2.67394
0.993102 -1.25974 -2.67076
0.993138 -1.25572 -2.66889
0.9932 -1.2488 -2.6657
0.993262 -1.24182 -2.66249
0.993298 -1.23774 -2.6606
0.99336 -1.2307 -2.65737
0.993422 -1.22359 -2.65412
0.993458 -1.21944 -2.6522
0.99352 -1.21226 -2.64893
0.993582 -1.20501 -2.64562
0.993618 -1.20077 -2.64367
0.99368 -1.19343 -2.64034
0.993742 -1.186 -2.63696
0.993778 -1.18166 -2.63496
0.99384 -1.17412 -2.63155
0.993902 -1.16647 -2.62809
0.993938 -1.162 -2.62603
0.994 -1.15422 -2.62253
0.994062 -1.14631 -2.61895
0.994098 -1.14168 -2.61681
0.99416 -1.1336 -2.61318
0.994222 -1.12536 -2.60945
0.994258 -1.12054 -2.60721
0.99432 -1.11208 -2.6034
0.994382 -1.10342 -2.59947
0.994418 -1.09835 -2.59709
0.99448 -1.0894 -2.59305
0.994542 -1.08018 -2.58883
0.994578 -1.07477 -2.58623
0.99464 -1.06516 -2.58186
0.994702 -1.05514 -2.5772
0.994738 -1.04928 -2.57426
0.9948 -1.03868 -2.56936
0.994862 -1.02745 -2.56394
0.994898 -1.02088 -2.56035
0.99496 -1.00866 -2.55445
0.995022 -0.994387 -2.54763
0.995058 -0.991505 -2.53966
0.99512 -0.967986 -2.53489
0.995182 -0.956673 -2.49936
0.995436 -0.92988 -2.45767
0.996248 -0.916663 -2.30348
0.99706 -0.93593 -2.22366
0.997532 -0.930467 -2.18435
0.998344 -0.929034 -2.12895
0.999156 -0.925565 -2.08035
0.999628 -0.923369 -2.05457
1.00044 -0.918327 -2.01475
1.00125 -0.912871 -1.97804
1.00172 -0.909886 -1.95822
1.00254 -0.90403 -1.92657
1.00335 -0.898067 -1.89697
1.00382 -0.894631 -1.88078
1.00463 -0.888566 -1.85431
1.00544 -0.882561 -1.82948
1.00592 -0.878949 -1.81578
1.00673 -0.872904 -1.79302
1.00754 -0.866993 -1.77162
1.00801 -0.863451 -1.75971
1.00882 -0.857495 -1.73991
1.00964 -0.851639 -1.7211
1.01011 -0.848239 -1.71052
1.01092 -0.842445 -1.69304
1.01173 -0.836694 -1.67629
1.0122 -0.83343 -1.66677
1.01302 -0.827828 -1.65114
1.01383 -0.822255 -1.63603
1.0143 -0.819098 -1.62748
1.01511 -0.813683 -1.6133
1.01592 -0.808329 -1.59959
1.0164 -0.80525 -1.59184
1.01721 -0.800009 -1.57887
1.01802 -0.794865 -1.56632
1.01849 -0.791879 -1.55925
1.0193 -0.786814 -1.5473
1.02012 -0.78186 -1.53575
1.02059 -0.778994 -1.52922
1.0214 -0.774112 -1.51821
1.02221 -0.76931 -1.50753
1.02268 -0.766545 -1.50145
1.0235 -0.761846 -1.49125
1.02431 -0.757196 -1.48133
1.02478 -0.754528 -1.47564
1.02559 -0.75 -1.46614
1.0264 -0.745513 -1.45687
1.02688 -0.742936 -1.45157
1.02769 -0.738556 -1.44267
1.0285 -0.73423 -1.43398
1.02897 -0.731737 -1.42903
1.02978 -0.727494 -1.42067
1.0306 -0.723319 -1.41249
1.03107 -0.72091 -1.40784
1.03188 -0.716803 -1.39996
1.03269 -0.712765 -1.39225
1.03316 -0.710437 -1.38786
1.03398 -0.706469 -1.38043
1.03479 -0.702552 -1.37315
1.03526 -0.700296 -1.36898
1.03607 -0.69646 -1.36195
1.03688 -0.692663 -1.35506
1.03736 -0.690477 -1.35109
1.03817 -0.686764 -1.34442
1.03898 -0.683086 -1.33788
1.03945 -0.680968 -1.33412
1.04026 -0.677364 -1.32777
1.04108 -0.673802 -1.32154
1.04155 -0.671748 -1.31798
1.04236 -0.668245 -1.31192
1.04317 -0.664793 -1.30598
1.04364 -0.662802 -1.30258
1.04446 -0.659403 -1.2968
1.04527 -0.656049 -1.29112
1.04574 -0.654115 -1.28787
1.04655 -0.650818 -1.28234
1.04736 -0.647557 -1.27691
1.04784 -0.645673 -1.27378
1.04865 -0.642473 -1.26847
1.04946 -0.639291 -1.26324
1.04993 -0.637479 -1.26011
1.05074 -0.634593 -1.255
1.05156 -0.631705 -1.25015
1.05203 -0.629983 -1.24737
1.05284 -0.626967 -1.24271
1.05365 -0.623912 -1.23807
1.05412 -0.622024 -1.23548
1.05494 -0.618878 -1.23063
1.05575 -0.616058 -1.22574
1.05622 -0.614558 -1.22325
1.05703 -0.611756 -1.21883
1.05784 -0.608944 -1.21457
1.05832 -0.607272 -1.21207
1.05913 -0.604349 -1.20786
1.05994 -0.601399 -1.20355
1.06041 -0.59984 -1.20087
1.06122 -0.597277 -1.19673
1.06204 -0.594666 -1.19271
1.06251 -0.593128 -1.19041
1.06332 -0.590442 -1.1865
1.06413 -0.58772 -1.18262
1.0646 -0.586096 -1.18031
1.06542 -0.583504 -1.1763
1.06623 -0.581045 -1.1724
1.0667 -0.579642 -1.17028
1.06751 -0.57714 -1.16661
1.06832 -0.574627 -1.16301
1.0688 -0.573118 -1.16094
1.06961 -0.570544 -1.15729
1.07042 -0.56808 -1.1536
1.07089 -0.566753 -1.15152
1.0717 -0.564422 -1.14805
1.07252 -0.562074 -1.14468
1.07299 -0.560687 -1.14272
1.0738 -0.558286 -1.1394
1.07461 -0.555851 -1.13608
1.07508 -0.554457 -1.13403
1.0759 -0.552259 -1.13069
1.07671 -0.550066 -1.1275
1.07718 -0.548765 -1.12565
1.07799 -0.546521 -1.12255
1.0788 -0.544261 -1.11946
1.07928 -0.542903 -1.1177
1.08009 -0.54064 -1.11451
1.0809 -0.53853 -1.11134
1.08137 -0.537353 -1.10967
1.08218 -0.535232 -1.10671
1.083 -0.533111 -1.10383
1.08347 -0.531859 -1.10214
1.08428 -0.529695 -1.09927
1.08509 -0.527543 -1.09635
1.08556 -0.52638 -1.09461
1.08638 -0.524399 -1.09181
1.08719 -0.522396 -1.08907
1.08766 -0.521223 -1.0875
1.08847 -0.51919 -1.08481
1.08928 -0.517141 -1.08213
1.08976 -0.515939 -1.08053
1.09057 -0.513998 -1.07781
1.09138 -0.512103 -1.07517
1.09185 -0.511 -1.07368
1.09266 -0.509079 -1.07114
1.09348 -0.507153 -1.06863
1.09395 -0.506006 -1.06719
1.09476 -0.50406 -1.06463
1.09557 -0.5022 -1.06206
1.09604 -0.501165 -1.06065
1.09686 -0.499345 -1.05822
1.09767 -0.497517 -1.05586
1.09814 -0.496456 -1.05446
1.09895 -0.494596 -1.05213
1.09976 -0.492765 -1.04972
1.10101 -0.49002 -1.04617
1.1045 -0.482515 -1.03648
1.10799 -0.475274 -1.02722
1.11001 -0.471112 -1.02205
1.1135 -0.46423 -1.01336
1.11699 -0.457524 -1.00518
1.11901 -0.453661 -1.00044
1.1225 -0.447249 -0.992737
1.12599 -0.440963 -0.985328
1.12801 -0.43742 -0.981101
1.1315 -0.431394 -0.974195
1.13499 -0.425504 -0.96748
1.13701 -0.422193 -0.963717
1.1405 -0.41654 -0.957461
1.14399 -0.411047 -0.951407
1.14601 -0.407899 -0.948082
1.1495 -0.402581 -0.942402
1.15299 -0.397396 -0.93701
1.15501 -0.394397 -0.93394
1.1585 -0.389388 -0.928865
1.16199 -0.384449 -0.924037
1.16401 -0.381609 -0.921259
1.1675 -0.376816 -0.91673
1.17099 -0.372083 -0.912367
1.17301 -0.369391 -0.909897
1.1765 -0.364774 -0.905845
1.17999 -0.360232 -0.901908
1.18201 -0.357638 -0.899743
1.1855 -0.353194 -0.896092
1.18899 -0.34883 -0.892608
1.19101 -0.34629 -0.890687
1.1945 -0.341998 -0.887432
1.19799 -0.337744 -0.884387
1.20001 -0.335287 -0.882602
1.2035 -0.331143 -0.879801
1.20699 -0.32699 -0.877161
1.20901 -0.32458 -0.875684
1.2125 -0.320413 -0.873281
1.21599 -0.316245 -0.870975
1.21801 -0.313823 -0.869717
1.2215 -0.309634 -0.867599
1.22499 -0.305467 -0.86558
1.22701 -0.303012 -0.864512
1.2305 -0.298819 -0.862636
1.23399 -0.294618 -0.860932
1.23601 -0.292138 -0.859922
1.2395 -0.287928 -0.858334
1.24299 -0.283668 -0.85685
1.24501 -0.281206 -0.855958
1.2485 -0.276928 -0.854632
1.25199 -0.272614 -0.853312
1.25401 -0.270121 -0.852624
1.2575 -0.26577 -0.851454
1.26099 -0.261403 -0.850358
1.26301 -0.258853 -0.849768
1.2665 -0.254414 -0.848796
1.26999 -0.249974 -0.847863
1.27201 -0.247334 -0.84746
1.2755 -0.242806 -0.846614
1.27899 -0.238224 -0.845969
1.28101 -0.235491 -0.845511
1.2845 -0.230821 -0.844934
1.28799 -0.226029 -0.84442
1.29001 -0.223227 -0.844092
1.2935 -0.218305 -0.84371
1.29699 -0.21323 -0.843339
1.29901 -0.210267 -0.843147
1.3025 -0.204876 -0.842904
1.30599 -0.199289 -0.842508
1.30801 -0.195967 -0.842257
1.3115 -0.190172 -0.841651
1.31499 -0.184306 -0.840931
1.31701 -0.180866 -0.840443
1.3205 -0.174917 -0.839529
1.32399 -0.168939 -0.838481
1.32601 -0.16545 -0.837838
1.3295 -0.159443 -0.836614
1.33299 -0.153432 -0.835291
1.33501 -0.149935 -0.834468
1.3385 -0.143929 -0.832984
1.34199 -0.137937 -0.831394
1.34401 -0.134457 -0.830434
1.3475 -0.128493 -0.828697
1.35099 -0.122555 -0.826875
1.35301 -0.119113 -0.825773
1.3565 -0.113221 -0.823816
1.35999 -0.107365 -0.821775
1.36201 -0.103973 -0.820555
1.3655 -0.0981761 -0.818391
1.36899 -0.0924211 -0.816154
1.37101 -0.0890919 -0.81482
1.3745 -0.0834064 -0.812471
1.37799 -0.0777686 -0.810054
1.38001 -0.0745096 -0.80862
1.3835 -0.068949 -0.806102
1.38699 -0.0634399 -0.803523
1.38901 -0.0602578 -0.801997
1.3925 -0.0548319 -0.799326
1.39599 -0.0494608 -0.7966
1.39801 -0.0463602 -0.79499
1.4015 -0.0410767 -0.792182
1.40499 -0.0358502 -0.789323
1.40701 -0.0328348 -0.787639
1.4105 -0.0276993 -0.784706
1.41399 -0.0226224 -0.781728
1.41601 -0.0196947 -0.779977
1.4195 -0.0147111 -0.776932
1.42299 -0.00978735 -0.773848
1.42501 -0.00694922 -0.772037
1.4285 -0.00212024 -0.768893
1.43199 0.00264825 -0.765714
1.43401 0.00539573 -0.763849
1.4375 0.0100685 -0.760618
1.44099 0.0146805 -0.757355
1.44301 0.0173368 -0.755443
1.4465 0.0218528 -0.752134
1.44999 0.0263079 -0.748798
1.45201 0.028873 -0.746845
1.4555 0.0332322 -0.743468
1.45899 0.0375309 -0.740068
1.46101 0.040005 -0.738079
1.4645 0.0442083 -0.734643
1.46799 0.0483515 -0.731187
1.47001 0.0507353 -0.729168
1.4735 0.0547839 -0.725682
1.47699 0.058773 -0.72218
1.47901 0.0610675 -0.720134
1.4825 0.0649632 -0.716606
1.48599 0.0688002 -0.713064
1.48801 0.0710065 -0.710997
1.4915 0.0747513 -0.707434
1.49499 0.0784384 -0.70386
1.49701 0.0805579 -0.701775
1.5005 0.0841543 -0.698185
1.50399 0.087694 -0.694585
1.50601 0.0897282 -0.692487
1.5095 0.093179 -0.688874
1.51299 0.096574 -0.685256
1.51501 0.0985246 -0.683147
1.5185 0.101832 -0.679519
1.52199 0.105086 -0.675887
1.52401 0.106955 -0.673771
1.5275 0.110123 -0.670133
1.53099 0.113238 -0.666492
1.53301 0.115026 -0.664373
1.5365 0.118058 -0.66073
1.53999 0.121037 -0.657086
1.54201 0.122748 -0.654965
1.5455 0.125646 -0.651322
1.54899 0.128494 -0.647679
1.55101 0.130128 -0.64556
1.5545 0.132896 -0.64192
1.55799 0.135615 -0.638283
1.56001 0.137175 -0.636168
1.5635 0.139817 -0.632536
1.56699 0.142411 -0.628909
1.56901 0.143899 -0.6268
1.5725 0.146418 -0.62318
1.57599 0.148891 -0.619565
1.57801 0.150308 -0.617464
1.5815 0.152708 -0.613859
1.58499 0.155062 -0.610261
1.58701 0.156412 -0.60817
1.5905 0.158695 -0.604583
1.59399 0.160935 -0.601004
1.59601 0.162218 -0.598925
1.5995 0.164389 -0.59536
1.60299 0.166518 -0.591803
1.60501 0.167737 -0.589737
1.6085 0.169799 -0.586195
1.61199 0.17182 -0.582663
1.61401 0.172977 -0.580611
1.6175 0.174934 -0.577095
1.62099 0.17685 -0.57359
1.62301 0.177948 -0.571555
1.6265 0.179802 -0.568067
1.62999 0.181618 -0.564591
1.63201 0.182657 -0.562573
1.6355 0.184412 -0.559116
1.63899 0.18613 -0.55567
1.64101 0.187113 -0.553671
1.6445 0.188773 -0.550245
1.64799 0.190397 -0.546832
1.65001 0.191325 -0.544852
1.6535 0.192893 -0.54146
1.65699 0.194426 -0.538081
1.65901 0.195302 -0.536121
1.6625 0.19678 -0.532764
1.66599 0.198225 -0.529421
1.66801 0.199051 -0.527482
1.6715 0.200443 -0.524161
1.67499 0.201804 -0.520855
1.67701 0.20258 -0.518938
1.6805 0.20389 -0.515654
1.68399 0.205168 -0.512386
1.68601 0.205898 -0.51049
1.6895 0.207128 -0.507246
1.69299 0.208327 -0.504016
1.69501 0.209012 -0.502143
1.6985 0.210164 -0.498938
1.70199 0.211288 -0.495748
1.70401 0.211928 -0.493898
1.7075 0.213007 -0.490733
1.71099 0.214057 -0.487583
1.71301 0.214656 -0.485758
1.7165 0.215663 -0.482633
1.71999 0.216643 -0.479524
1.72201 0.217201 -0.477722
1.7255 0.218139 -0.474639
1.72899 0.219052 -0.471572
1.73101 0.219571 -0.469794
1.7345 0.220443 -0.466753
1.73799 0.22129 -0.463727
1.74001 0.221772 -0.461974
1.7435 0.222581 -0.458975
1.74699 0.223365 -0.455992
1.74901 0.223811 -0.454263
1.7525 0.224559 -0.451306
1.75599 0.225283 -0.448365
1.75801 0.225694 -0.446662
1.7615 0.226383 -0.443747
1.76499 0.22705 -0.440849
1.76701 0.227428 -0.43917
1.7705 0.22806 -0.436298
1.77399 0.228671 -0.433443
1.77601 0.229017 -0.431789
1.7795 0.229596 -0.42896
1.78299 0.230154 -0.426148
1.78501 0.230469 -0.424519
1.7885 0.230996 -0.421733
1.79199 0.231502 -0.418963
1.79401 0.231788 -0.417359
1.7975 0.232265 -0.414616
1.80099 0.232723 -0.411889
1.80301 0.232981 -0.41031
1.8065 0.23341 -0.407609
1.80999 0.23382 -0.404925
1.81201 0.234051 -0.403371
1.8155 0.234434 -0.400713
1.81899 0.2348 -0.398071
1.82101 0.235005 -0.396541
1.8245 0.235344 -0.393926
1.82799 0.235667 -0.391326
1.83001 0.235847 -0.389821
1.8335 0.236144 -0.387248
1.83699 0.236426 -0.384691
1.83901 0.236582 -0.38321
1.8425 0.236839 -0.380678
1.84599 0.237081 -0.378163
1.84801 0.237215 -0.376706
1.8515 0.237433 -0.374216
1.85499 0.237637 -0.371742
1.85701 0.237749 -0.37031
1.8605 0.237931 -0.367861
1.86399 0.238098 -0.365428
1.86601 0.23819 -0.36402
1.8695 0.238336 -0.361612
1.87299 0.238469 -0.35922
1.87501 0.23854 -0.357835
1.8785 0.238653 -0.355468
1.88199 0.238753 -0.353117
1.88401 0.238805 -0.351755
1.8875 0.238886 -0.349428
1.89099 0.238954 -0.347117
1.89301 0.238988 -0.345779
1.8965 0.239038 -0.343491
1.89999 0.239076 -0.341219
1.90201 0.239093 -0.339904
1.9055 0.239113 -0.337656
1.90899 0.239123 -0.335424
1.91101 0.239123 -0.334131
1.9145 0.239115 -0.331922
1.91799 0.239097 -0.329728
1.92001 0.239082 -0.328458
1.9235 0.239047 -0.326287
1.92699 0.239003 -0.324132
1.92901 0.238973 -0.322884
1.9325 0.238913 -0.320751
1.93599 0.238843 -0.318633
1.93801 0.238798 -0.317407
1.9415 0.238714 -0.315312
1.94499 0.238621 -0.313231
1.94701 0.238562 -0.312027
1.9505 0.238455 -0.309969
1.95399 0.238339 -0.307925
1.95601 0.238268 -0.306742
1.9595 0.238138 -0.30472
1.96299 0.238 -0.302712
1.96501 0.237917 -0.30155
1.9685 0.237766 -0.299565
1.97199 0.237608 -0.297593
1.97401 0.237512 -0.296451
1.9775 0.237342 -0.294501
1.98099 0.237164 -0.292564
1.98301 0.237058 -0.291444
1.9865 0.236868 -0.289528
1.98999 0.236672 -0.287626
1.99201 0.236554 -0.286526
1.9955 0.236347 -0.284645
1.99899 0.236133 -0.282777
2.00338 0.235854 -0.28044
2.015 0.235067 -0.274364
2.02662 0.234214 -0.268428
2.03338 0.233688 -0.265038
2.045 0.232738 -0.259321
2.05662 0.231733 -0.253738
2.06338 0.231124 -0.250549
2.075 0.230038 -0.245173
2.08662 0.228907 -0.239924
2.09338 0.228229 -0.236925
2.105 0.227032 -0.231871
2.11662 0.225798 -0.226936
2.12338 0.225063 -0.224117
2.135 0.223776 -0.219366
2.14662 0.222458 -0.214727
2.15338 0.221679 -0.212078
2.165 0.220319 -0.207612
2.17662 0.218936 -0.203252
2.18338 0.21812 -0.200762
2.195 0.216704 -0.196564
2.20662 0.21527 -0.192466
2.21338 0.214427 -0.190126
2.225 0.212968 -0.18618
2.23662 0.211495 -0.182328
2.24338 0.210632 -0.180128
2.255 0.209142 -0.176418
2.26662 0.207642 -0.172797
2.27338 0.206766 -0.170728
2.285 0.205254 -0.167241
2.29662 0.203737 -0.163835
2.30338 0.202852 -0.16189
2.315 0.201328 -0.15861
2.32662 0.199801 -0.155407
2.33338 0.198912 -0.153578
2.345 0.197383 -0.150493
2.35662 0.195854 -0.147479
2.36338 0.194965 -0.145758
2.375 0.193438 -0.142855
2.38662 0.191912 -0.14002
2.39338 0.191026 -0.1384
2.405 0.189505 -0.135668
2.41662 0.187988 -0.132998
2.42338 0.187108 -0.131473
2.435 0.185599 -0.128901
2.44662 0.184095 -0.126388
2.45338 0.183222 -0.124952
2.465 0.181728 -0.122529
2.47662 0.180241 -0.120161
2.48338 0.179378 -0.118808
2.495 0.177903 -0.116526
2.50662 0.176435 -0.114295
2.51338 0.175584 -0.11302
2.525 0.174129 -0.110868
2.53662 0.172683 -0.108765
2.54338 0.171845 -0.107563
2.555 0.170413 -0.105534
2.56662 0.168991 -0.103551
2.57338 0.168167 -0.102417
2.585 0.16676 -0.100504
2.59662 0.165363 -0.0986324
2.60338 0.164554 -0.0975626
2.615 0.163173 -0.0957567
2.62662 0.161803 -0.0939906
2.63338 0.16101 -0.0929807
2.645 0.159656 -0.0912757
2.65662 0.158313 -0.0896081
2.66338 0.157536 -0.0886544
2.675 0.15621 -0.087044
2.68662 0.154895 -0.0854687
2.69338 0.154135 -0.0845676
2.705 0.152837 -0.083046
2.71662 0.151551 -0.0815572
2.72338 0.150807 -0.0807055
2.735 0.149539 -0.0792671
2.74662 0.148281 -0.0778594
2.75338 0.147555 -0.077054
2.765 0.146315 -0.0756937
2.77662 0.145087 -0.0743621
2.78338 0.144377 -0.0736002
2.795 0.143166 -0.0723131
2.80662 0.141967 -0.071053
2.81338 0.141274 -0.0703319
2.825 0.140093 -0.0691136
2.83662 0.138922 -0.0679206
2.84338 0.138246 -0.0672378
2.855 0.137093 -0.066084
2.86662 0.135951 -0.0649541
2.87338 0.135292 -0.0643073
2.885 0.134168 -0.0632141
2.89662 0.133054 -0.0621434
2.90338 0.132411 -0.0615305
2.915 0.131315 -0.0604943
2.92662 0.13023 -0.0594793
2.93338 0.129603 -0.0588981
2.945 0.128535 -0.0579156
2.95662 0.127477 -0.0569529
2.96338 0.126866 -0.0564016
2.975 0.125825 -0.0554695
2.98662 0.124795 -0.0545561
2.99338 0.1242 -0.0540329
3.005 0.123185 -0.0531482
3.01662 0.122181 -0.0522812
3.02338 0.121602 -0.0517845
3.035 0.120614 -0.0509445
3.04662 0.119636 -0.0501211
3.05338 0.119071 -0.0496493
3.065 0.118109 -0.0488514
3.07662 0.117156 -0.0480691
3.08338 0.116607 -0.0476208
3.095 0.11567 -0.0468625
3.10662 0.114742 -0.0461189
3.11338 0.114207 -0.0456928
3.125 0.113294 -0.0449719
3.13662 0.112391 -0.0442648
3.14338 0.11187 -0.0438596
3.155 0.110981 -0.0431739
3.16662 0.110102 -0.0425013
3.17338 0.109594 -0.0421157
3.185 0.108729 -0.0414632
3.19662 0.107873 -0.0408231
3.20338 0.107379 -0.0404561
3.215 0.106536 -0.039835
3.22662 0.105703 -0.0392256
3.23338 0.105222 -0.0388762
3.245 0.104402 -0.0382847
3.25662 0.10359 -0.0377042
3.26338 0.103121 -0.0373713
3.275 0.102323 -0.0368078
3.28662 0.101533 -0.0362547
3.29338 0.101076 -0.0359375
3.305 0.100299 -0.0354004
3.31662 0.0995295 -0.0348732
3.32338 0.0990853 -0.0345708
3.335 0.0983283 -0.0340587
3.34662 0.097579 -0.0335559
3.35338 0.0971464 -0.0332675
3.365 0.0964093 -0.032779
3.37662 0.0956797 -0.0322994
3.38338 0.0952585 -0.0320242
3.395 0.0945407 -0.0315581
3.40662 0.0938301 -0.0311003
3.41338 0.0934199 -0.0308377
3.425 0.0927209 -0.0303928
3.43662 0.0920289 -0.0299557
3.44338 0.0916294 -0.0297049
3.455 0.0909485 -0.0292801
3.46662 0.0902745 -0.0288627
3.47338 0.0898854 -0.0286231
3.485 0.0892222 -0.0282172
3.49662 0.0885657 -0.0278184
3.50338 0.0881867 -0.0275895
3.515 0.0875407 -0.0272016
3.52662 0.0869011 -0.0268204
3.53338 0.0865319 -0.0266016
3.545 0.0859025 -0.0262308
3.55662 0.0852795 -0.0258664
3.56338 0.0849197 -0.0256571
3.575 0.0843065 -0.0253025
3.58662 0.0836994 -0.0249539
3.59338 0.0833489 -0.0247537
3.605 0.0827514 -0.0244144
3.61662 0.0821598 -0.0240809
3.62338 0.0818183 -0.0238893
3.635 0.081236 -0.0235646
3.64662 0.0806595 -0.0232454
3.65338 0.0803266 -0.023062
3.665 0.079759 -0.0227511
3.67662 0.0791971 -0.0224454
3.68338 0.0788726 -0.0222699
3.695 0.0783195 -0.0219721
3.70662 0.0777717 -0.0216793
3.71338 0.0774554 -0.0215112
3.725 0.0769161 -0.0212259
3.73662 0.0763821 -0.0209454
3.74338 0.0760737 -0.0207842
3.755 0.0755479 -0.0205109
3.76662 0.0750272 -0.0202419
3.77338 0.0747265 -0.0200875
3.785 0.0742138 -0.0198254
3.79662 0.0737061 -0.0195676
3.80338 0.0734129 -0.0194194
3.815 0.0729129 -0.0191681
3.82662 0.0724177 -0.0189209
3.83338 0.0721317 -0.0187788
3.845 0.071644 -0.0185377
3.85662 0.071161 -0.0183004
3.86338 0.070882 -0.0181641
3.875 0.0704063 -0.0179328
3.88662 0.0699351 -0.0177051
3.89338 0.0696629 -0.0175742
3.905 0.0691988 -0.0173522
3.91662 0.068739 -0.0171336
3.92338 0.0684735 -0.0170079
3.935 0.0680206 -0.0167947
3.94662 0.067572 -0.0165848
3.95338 0.0673128 -0.0164641
3.965 0.0668709 -0.0162593
3.97662 0.0664331 -0.0160577
3.98338 0.0661802 -0.0159418
3.995 0.0657488 -0.015745
4.00662 0.0653215 -0.0155512
4.01338 0.0650746 -0.0154398
4.025 0.0646535 -0.0152507
4.03662 0.0642364 -0.0150645
4.04338 0.0639954 -0.0149574
4.055 0.0635843 -0.0147756
4.06662 0.063177 -0.0145965
4.07338 0.0629417 -0.0144936
4.085 0.0625403 -0.0143187
4.09662 0.0621426 -0.0141465
4.10338 0.0619128 -0.0140475
4.115 0.0615208 -0.0138793
4.12662 0.0611324 -0.0137136
4.13338 0.060908 -0.0136183
4.145 0.0605252 -0.0134565
4.15662 0.0601458 -0.0132971
4.16338 0.0599266 -0.0132054
4.175 0.0595526 -0.0130496
4.18662 0.059182 -0.0128962
4.19338 0.0589679 -0.0128079
4.205 0.0586025 -0.012658
4.21662 0.0582405 -0.0125102
4.22338 0.0580312 -0.0124252
4.235 0.0576743 -0.0122808
4.24662 0.0573205 -0.0121385
4.25338 0.057116 -0.0120566
4.265 0.0567672 -0.0119175
4.27662 0.0564214 -0.0117805
4.28338 0.0562216 -0.0117016
4.295 0.0558806 -0.0115676
4.30662 0.0555427 -0.0114355
4.31338 0.0553474 -0.0113594
4.325 0.0550141 -0.0112303
4.33662 0.0546837 -0.011103
4.34338 0.0544928 -0.0110297
4.355 0.054167 -0.0109052
4.36662 0.053844 -0.0107824
4.37338 0.0536573 -0.0107118
4.385 0.0533387 -0.0105917
4.39662 0.0530229 -0.0104733
4.40338 0.0528403 -0.0104052
4.415 0.0525288 -0.0102894
4.42662 0.05222 -0.0101752
4.43338 0.0520414 -0.0101095
4.445 0.0517368 -0.00999776
4.45662 0.0514347 -0.00988758
4.46338 0.05126 -0.00982416
4.475 0.050962 -0.00971635
4.48662 0.0506665 -0.00961002
4.49338 0.0504957 -0.00954881
4.505 0.0502041 -0.00944475
4.51662 0.049915 -0.00934211
4.52338 0.0497479 -0.00928301
4.535 0.0494627 -0.00918256
4.54662 0.0491798 -0.00908345
4.55338 0.0490162 -0.00902638
4.565 0.0487371 -0.00892937
4.57662 0.0484603 -0.00883366
4.58338 0.0483002 -0.00877854
4.595 0.0480271 -0.00868484
4.60662 0.0477561 -0.00859238
4.61338 0.0475995 -0.00853913
4.625 0.0473321 -0.0084486
4.63662 0.0470669 -0.00835926
4.64338 0.0469136 -0.00830781
4.655 0.0466518 -0.00822032
4.66662 0.0463922 -0.00813398
4.67338 0.0462421 -0.00808425
4.685 0.0459858 -0.00799969
4.69662 0.0457316 -0.00791623
4.70338 0.0455846 -0.00786816
4.715 0.0453337 -0.0077864
4.72662 0.0450848 -0.0077057
4.73338 0.0449408 -0.00765922
4.745 0.0446951 -0.00758016
4.75662 0.0444513 -0.00750212
4.76338 0.0443103 -0.00745716
4.775 0.0440696 -0.0073807
4.78662 0.0438309 -0.00730521
4.79338 0.0436928 -0.00726171
4.805 0.043457 -0.00718774
4.81662 0.0432231 -0.0071147
4.82338 0.0430879 -0.00707262
4.835 0.0428569 -0.00700104
4.84662 0.0426278 -0.00693036
4.85338 0.0424952 -0.00688964
4.865 0.0422689 -0.00682036
4.87662 0.0420444 -0.00675194
4.88338 0.0419145 -0.00671252
4.895 0.0416928 -0.00664546
4.90662 0.0414728 -0.00657923
4.91338 0.0413455 -0.00654106
4.925 0.0411282 -0.00647613
4.93662 0.0409125 -0.00641199
4.94338 0.0407878 -0.00637503
4.955 0.0405748 -0.00631215
4.96662 0.0403634 -0.00625004
4.97338 0.0402412 -0.00621424
4.985 0.0400324 -0.00615332
4.99662 0.0398252 -0.00609316
5.01127 0.0395661 -0.00601832
5.05 0.0388934 -0.00582598
5.08873 0.0382373 -0.00564125
5.11127 0.0378631 -0.0055371
5.15 0.0372326 -0.00536371
5.18873 0.0366176 -0.00519704
5.21127 0.0362666 -0.00510302
5.25 0.035675 -0.00494638
5.28873 0.0350977 -0.0047957
5.31127 0.034768 -0.00471065
5.35 0.0342123 -0.00456886
5.38873 0.0336697 -0.00443237
5.41127 0.0333598 -0.00435528
5.45 0.0328372 -0.00422669
5.48873 0.0323266 -0.00410281
5.51127 0.0320349 -0.00403281
5.55 0.0315428 -0.00391597
5.58873 0.0310618 -0.00380334
5.61127 0.0307869 -0.00373965
5.65 0.030323 -0.0036333
5.68873 0.0298695 -0.00353071
5.71127 0.0296102 -0.00347267
5.75 0.0291724 -0.0033757
5.78873 0.0287442 -0.0032821
5.81127 0.0284994 -0.00322911
5.85 0.0280859 -0.00314055
5.88873 0.0276812 -0.00305501
5.91127 0.0274498 -0.00300656
5.95 0.0270587 -0.00292554
5.98873 0.026676 -0.00284724
6.01127 0.0264569 -0.00280287
6.05 0.0260868 -0.00272864
6.08873 0.0257244 -0.00265685
6.11127 0.025517 -0.00261616
6.15 0.0251663 -0.00254805
6.18873 0.0248228 -0.00248214
6.21127 0.0246262 -0.00244476
6.25 0.0242936 -0.00238217
6.28873 0.0239678 -0.00232157
6.31127 0.0237812 -0.00228719
6.35 0.0234656 -0.00222959
6.38873 0.0231562 -0.0021738
6.41127 0.022979 -0.00214213
6.45 0.0226792 -0.00208905
6.48873 0.0223852 -0.00203761
6.51127 0.0222167 -0.0020084
6.55 0.0219317 -0.00195943
6.58873 0.0216521 -0.00191194
6.61127 0.0214918 -0.00188497
6.65 0.0212206 -0.00183972
6.68873 0.0209545 -0.00179583
6.71127 0.0208019 -0.00177088
6.75 0.0205436 -0.00172903
6.78873 0.0202901 -0.00168841
6.81127 0.0201447 -0.00166532
6.85 0.0198985 -0.00162655
6.88873 0.0196569 -0.00158891
6.91127 0.0195183 -0.00156751
6.95 0.0192835 -0.00153157
6.98873 0.0190529 -0.00149666
7.01127 0.0189207 -0.00147679
7.05 0.0186966 -0.00144343
7.08873 0.0184765 -0.00141101
7.11127 0.0183502 -0.00139256
7.15 0.0181362 -0.00136155
7.18873 0.0179259 -0.00133141
7.21127 0.0178052 -0.00131425
7.25 0.0176006 -0.00128541
7.28873 0.0173996 -0.00125736
7.31127 0.0172842 -0.00124138
7.35 0.0170886 -0.00121453
7.38873 0.0168963 -0.00118839
7.41127 0.0167858 -0.00117351
7.45 0.0165986 -0.00114847
7.48873 0.0164145 -0.0011241
7.51127 0.0163088 -0.00111021
7.55 0.0161295 -0.00108685
7.58873 0.0159532 -0.0010641
7.61127 0.0158519 -0.00105114
7.65 0.0156801 -0.00102932
7.68873 0.0155111 -0.00100807
7.71127 0.015414 -0.000995948
7.75 0.0152493 -0.000975551
7.78873 0.0150873 -0.000955675
7.81127 0.0149942 -0.00094434
7.85 0.0148361 -0.000925255
7.88873 0.0146806 -0.00090665
7.91127 0.0145913 -0.000896038
7.95 0.0144396 -0.000878165
7.98873 0.0142903 -0.000860736
8.01127 0.0142045 -0.000850792
8.05 0.0140588 -0.000834039
8.08873 0.0139154 -0.000817697
8.11127 0.0138329 -0.000808371
8.15 0.013693 -0.000792655
8.18873 0.0135551 -0.00077732
8.21127 0.0134759 -0.000768566
8.25 0.0133413 -0.000753811
8.28873 0.0132087 -0.00073941
8.31127 0.0131325 -0.000731187
8.35 0.0130031 -0.000717323
8.38873 0.0128755 -0.000703787
8.41127 0.0128022 -0.000696057
8.45 0.0126776 -0.00068302
8.48873 0.0125549 -0.000670289
8.51127 0.0124843 -0.000663016
8.55 0.0123643 -0.000650748
8.58873 0.0122461 -0.000638764
8.61127 0.0121781 -0.000631916
8.65 0.0120625 -0.000620364
8.68873 0.0119486 -0.000609075
8.71127 0.0118831 -0.000602623
8.75 0.0117718 -0.000591736
8.78873 0.011662 -0.000581094
8.81127 0.0115988 -0.000575011
8.85 0.0114914 -0.000564744
8.88873 0.0113856 -0.000554706
8.91127 0.0113246 -0.000548967
8.95 0.0112211 -0.000539278
8.98873 0.0111189 -0.000529802
9.01127 0.0110601 -0.000524384
9.05 0.0109602 -0.000515234
9.08873 0.0108616 -0.000506284
9.11127 0.0108049 -0.000501165
9.15 0.0107084 -0.000492519
9.18873 0.0106132 -0.00048406
9.21127 0.0105584 -0.000479221
9.25 0.0104653 -0.000471046
9.28873 0.0103733 -0.000463046
9.31127 0.0103204 -0.000458468
9.35 0.0102304 -0.000450735
9.38873 0.0101416 -0.000443164
9.41127 0.0100905 -0.000438831
9.45 0.0100035 -0.000431511
9.48873 0.00991765 -0.000424343
9.51127 0.00986822 -0.00042024
9.55 0.00978417 -0.000413307
9.58873 0.00970121 -0.000406517
9.61127 0.00965344 -0.00040263
9.65 0.00957221 -0.000396061
9.68873 0.00949206 -0.000389628
9.71127 0.00944591 -0.000385945
9.75 0.00936749 -0.000379722
9.78873 0.00929022 -0.00037363
9.81127 0.00924582 -0.000370146
9.85 0.00917072 -0.000364269
9.88873 0.00909901 -0.000358597
11.1575 0.0070562 -0.000218739
19.8 0.00216993 -2.1437e-05
87.8425 0.000108072 -5.43643e-08
