0 1 0
0.001 1 0
0.002 1.00001 0
0.003 1.00002 0
0.004 1.00004 0
0.005 1.00006 0
0.006 1.00009 0
0.007 1.00012 0
0.008 1.00015 0
0.009 1.0002 0
0.01 1.00024 0
0.011 1.00029 0
0.012 1.00035 0
0.013 1.00041 0
0.014 1.00047 0
0.015 1.00054 0
0.016 1.00062 0
0.017 1.0007 0
0.018 1.00078 0
0.019 1.00087 0
0.02 1.00097 0
0.021 1.00107 0
0.022 1.00117 0
0.023 1.00128 0
0.024 1.00139 0
0.025 1.00151 0
0.026 1.00164 0
0.027 1.00177 0
0.028 1.0019 0
0.029 1.00204 0
0.03 1.00218 0
0.031 1.00233 0
0.032 1.00248 0
0.033 1.00264 0
0.034 1.00281 0
0.035 1.00297 0
0.036 1.00315 0
0.037 1.00333 0
0.038 1.00351 0
0.039 1.0037 0
0.04 1.00389 0
0.041 1.00409 0
0.042 1.00429 0
0.043 1.0045 0
0.044 1.00472 0
0.045 1.00493 0
0.046 1.00516 0
0.047 1.00539 0
0.048 1.00562 0
0.049 1.00586 0
0.05 1.00611 0
0.051 1.00635 0
0.052 1.00661 0
0.053 1.00687 0
0.054 1.00713 0
0.055 1.00741 0
0.056 1.00768 0
0.057 1.00796 0
0.058 1.00825 0
0.059 1.00854 0
0.06 1.00884 0
0.061 1.00914 0
0.062 1.00945 0
0.063 1.00976 0
0.064 1.01008 0
0.065 1.0104 0
0.066 1.01073 0
0.067 1.01106 0
0.068 1.0114 0
0.069 1.01175 0
0.07 1.0121 0
0.071 1.01246 0
0.072 1.01282 0
0.073 1.01318 0
0.074 1.01356 0
0.075 1.01394 0
0.076 1.01432 0
0.077 1.01471 0
0.078 1.01511 0
0.079 1.01551 0
0.08 1.01591 0
0.081 1.01633 0
0.082 1.01675 0
0.083 1.01717 0
0.084 1.0176 0
0.085 1.01804 0
0.086 1.01848 0
0.087 1.01893 0
0.088 1.01938 0
0.089 1.01984 0
0.09 1.0203 0
0.091 1.02078 0
0.092 1.02125 0
0.093 1.02174 0
0.094 1.02223 0
0.095 1.02272 0
0.096 1.02323 0
0.097 1.02373 0
0.098 1.02425 0
0.099 1.02477 0
0.1 1.0253 0
0.101 1.02583 0
0.102 1.02637 0
0.103 1.02692 0
0.104 1.02747 0
0.105 1.02803 0
0.106 1.0286 0
0.107 1.02917 0
0.108 1.02975 0
0.109 1.03033 0
0.11 1.03093 0
0.111 1.03153 0
0.112 1.03213 0
0.113 1.03275 0
0.114 1.03337 0
0.115 1.03399 0
0.116 1.03463 0
0.117 1.03527 0
0.118 1.03592 0
0.119 1.03657 0
0.12 1.03723 0
0.121 1.0379 0
0.122 1.03858 0
0.123 1.03926 0
0.124 1.03995 0
0.125 1.04065 0
0.126 1.04136 0
0.127 1.04207 0
0.128 1.04279 0
0.129 1.04352 0
0.13 1.04426 0
0.131 1.045 0
0.132 1.04576 0
0.133 1.04652 0
0.134 1.04728 0
0.135 1.04806 0
0.136 1.04884 0
0.137 1.04964 0
0.138 1.05044 0
0.139 1.05125 0
0.14 1.05206 0
0.141 1.05289 0
0.142 1.05372 0
0.143 1.05457 0
0.144 1.05542 0
0.145 1.05628 0
0.146 1.05715 0
0.147 1.05802 0
0.148 1.05891 0
0.149 1.05981 0
0.15 1.06071 0
0.151 1.06162 0
0.152 1.06255 0
0.153 1.06348 0
0.154 1.06442 0
0.155 1.06537 0
0.156 1.06634 0
0.157 1.06731 0
0.158 1.06829 0
0.159 1.06928 0
0.16 1.07028 0
0.161 1.07129 0
0.162 1.07231 0
0.163 1.07335 0
0.164 1.07439 0
0.165 1.07544 0
0.166 1.0765 0
0.167 1.07758 0
0.168 1.07866 0
0.169 1.07976 0
0.17 1.08087 0
0.171 1.08199 0
0.172 1.08312 0
0.173 1.08426 0
0.174 1.08542 0
0.175 1.08658 0
0.176 1.08776 0
0.177 1.08895 0
0.178 1.09015 0
0.179 1.09137 0
0.18 1.0926 0
0.181 1.09384 0
0.182 1.09509 0
0.183 1.09636 0
0.184 1.09764 0
0.185 1.09893 0
0.186 1.10024 0
0.187 1.10156 0
0.188 1.10289 0
0.189 1.10424 0
0.19 1.10561 0
0.191 1.10698 0
0.192 1.10838 0
0.193 1.10979 0
0.194 1.11121 0
0.195 1.11265 0
0.196 1.11411 0
0.197 1.11558 0
0.198 1.11706 0
0.199 1.11857 0
0.2 1.12009 0
0.201 1.12163 0
0.202 1.12318 0
0.203 1.12476 0
0.204 1.12635 0
0.205 1.12796 0
0.206 1.12958 0
0.207 1.13123 0
0.208 1.1329 0
0.209 1.13458 0
0.21 1.13629 0
0.211 1.13802 0
0.212 1.13976 0
0.213 1.14153 0
0.214 1.14332 0
0.215 1.14513 0
0.216 1.14696 0
0.217 1.14882 0
0.218 1.1507 0
0.219 1.1526 0
0.22 1.15453 0
0.221 1.15649 0
0.222 1.15846 0
0.223 1.16047 0
0.224 1.1625 0
0.225 1.16456 0
0.226 1.16665 0
0.227 1.16876 0
0.228 1.1709 0
0.229 1.17308 0
0.23 1.17528 0
0.231 1.17752 0
0.232 1.17979 0
0.233 1.18209 0
0.234 1.18443 0
0.235 1.1868 0
0.236 1.18921 0
0.237 1.19165 0
0.238 1.19414 0
0.239 1.19666 0
0.24 1.19923 0
0.241 1.20183 0
0.242 1.20448 0
0.243 1.20718 0
0.244 1.20992 0
0.245 1.21272 0
0.246 1.21556 0
0.247 1.21845 0
0.248 1.2214 0
0.249 1.22441 0
0.25 1.22748 0
0.251 1.23061 0
0.252 1.2338 0
0.253 1.23706 0
0.254 1.2404 0
0.255 1.24381 0
0.256 1.2473 0
0.257 1.25087 0
0.258 1.25453 0
0.259 1.25829 0
0.26 1.26215 0
0.261 1.26612 0
0.262 1.2702 0
0.263 1.27441 0
0.264 1.27875 0
0.265 1.28324 0
0.266 1.2879 0
0.267 1.29273 0
0.268 1.29777 0
0.269 1.30302 0
0.27 1.30854 0
0.271 1.31435 0
0.272 1.32051 0
0.273 1.32708 0
0.274 1.33418 0
0.275 1.34195 0
0.276 1.35065 0
0.277 1.36077 0
0.278 1.37351 0
0.279 1.39382 0
0.279278 1.40556 0.00985131
0.279547 1.40599 0.0178239
0.279815 1.40589 0.0229096
0.279971 1.40639 0.0254668
0.28024 1.40688 0.0293497
0.280509 1.40736 0.0328062
0.280665 1.40767 0.0346719
0.280933 1.40818 0.0376811
0.281202 1.40868 0.0404891
0.281358 1.40898 0.0420471
0.281627 1.4095 0.0446133
0.281895 1.41 0.047059
0.282051 1.4103 0.0484343
0.28232 1.41082 0.0507247
0.282589 1.41133 0.0529334
0.282745 1.41162 0.0541854
0.283013 1.41214 0.0562846
0.283282 1.41265 0.0583242
0.283438 1.41294 0.0594863
0.283707 1.41345 0.0614439
0.283975 1.41396 0.0633559
0.284131 1.41426 0.0644493
0.2844 1.41476 0.0662974
0.284669 1.41527 0.0681093
0.284825 1.41557 0.0691483
0.285093 1.41607 0.0709089
0.285362 1.41658 0.07264
0.285518 1.41687 0.0736349
0.285787 1.41738 0.0753238
0.286055 1.41788 0.0769884
0.286211 1.41817 0.0779465
0.28648 1.41868 0.0795758
0.286749 1.41918 0.0811845
0.286905 1.41947 0.0821118
0.287173 1.41997 0.0836906
0.287442 1.42047 0.0852519
0.287598 1.42076 0.0861528
0.287867 1.42126 0.0876884
0.288135 1.42176 0.0892088
0.288291 1.42205 0.0900871
0.28856 1.42254 0.0915852
0.288829 1.42304 0.0930703
0.288985 1.42333 0.0939288
0.289253 1.42382 0.0953943
0.289522 1.42431 0.0968484
0.289678 1.4246 0.0976896
0.289947 1.42509 0.0991266
0.290215 1.42558 0.100553
0.290371 1.42587 0.101379
0.29064 1.42636 0.102791
0.290909 1.42685 0.104194
0.291065 1.42713 0.105006
0.291333 1.42762 0.106395
0.291602 1.42811 0.107777
0.291758 1.42839 0.108577
0.292027 1.42888 0.109946
0.292295 1.42936 0.111308
0.292451 1.42964 0.112098
0.29272 1.43013 0.11345
0.292989 1.43061 0.114795
0.293145 1.43089 0.115574
0.293413 1.43137 0.11691
0.293682 1.43185 0.118239
0.293838 1.43213 0.119011
0.294107 1.43261 0.120332
0.294375 1.43309 0.121647
0.294531 1.43336 0.122411
0.2948 1.43384 0.123719
0.295069 1.43431 0.125022
0.295225 1.43459 0.125778
0.295493 1.43506 0.127075
0.295762 1.43554 0.128367
0.295918 1.43581 0.129117
0.296187 1.43628 0.130402
0.296455 1.43675 0.131684
0.296611 1.43703 0.132428
0.29688 1.4375 0.133704
0.297149 1.43796 0.134977
0.297305 1.43824 0.135716
0.297573 1.4387 0.136983
0.297842 1.43917 0.138247
0.297998 1.43944 0.138981
0.298267 1.4399 0.140241
0.298535 1.44037 0.141497
0.298691 1.44063 0.142227
0.29896 1.4411 0.14348
0.299229 1.44156 0.144729
0.299385 1.44182 0.145456
0.299653 1.44228 0.146701
0.299922 1.44275 0.147945
0.301047 1.44463 0.153128
0.304643 1.45062 0.169507
0.308239 1.45637 0.185686
0.310332 1.45963 0.195055
0.313929 1.46506 0.21112
0.317525 1.47024 0.227193
0.319618 1.47315 0.23657
0.323214 1.47794 0.252742
0.326811 1.48246 0.269011
0.328904 1.48497 0.278534
0.3325 1.48904 0.294998
0.336096 1.49281 0.3116
0.338189 1.49486 0.321329
0.341786 1.49813 0.338164
0.345382 1.50106 0.355152
0.347475 1.50261 0.365109
0.351071 1.50499 0.382336
0.354668 1.507 0.399713
0.356761 1.50799 0.409893
0.360357 1.5094 0.427495
0.363953 1.51041 0.445231
0.366047 1.5108 0.455611
0.369643 1.51116 0.47354
0.373239 1.51109 0.491581
0.375332 1.51086 0.502125
0.378929 1.5101 0.520315
0.382525 1.50889 0.538583
0.384618 1.50798 0.549246
0.388214 1.50605 0.567608
0.391811 1.50365 0.586014
0.393904 1.50204 0.596738
0.3975 1.49889 0.615174
0.401096 1.49526 0.633612
0.403189 1.49293 0.644334
0.406786 1.48853 0.662734
0.410382 1.48366 0.68109
0.412475 1.48059 0.691743
0.416071 1.47494 0.709986
0.419668 1.4688 0.728139
0.421761 1.465 0.738652
0.425357 1.45809 0.756617
0.428953 1.4507 0.774444
0.431047 1.44618 0.784744
0.434643 1.43803 0.802307
0.438239 1.42942 0.819683
0.440332 1.42419 0.8297
0.443929 1.41485 0.846738
0.447525 1.40506 0.863544
0.449618 1.39916 0.873208
0.453214 1.38868 0.889606
0.456811 1.37778 0.905729
0.458904 1.37124 0.914976
0.4625 1.35969 0.930625
0.466096 1.34774 0.94596
0.468189 1.34061 0.954731
0.471786 1.32808 0.969535
0.475382 1.31518 0.98399
0.477475 1.30752 0.992234
0.481071 1.29409 1.00611
0.484668 1.28035 1.01961
0.486761 1.27221 1.02728
0.490357 1.258 1.04015
0.493953 1.24351 1.05263
0.496047 1.23496 1.0597
0.499643 1.22007 1.07152
0.503239 1.20495 1.08292
0.505332 1.19605 1.08936
0.508929 1.1806 1.10009
0.512525 1.16496 1.11039
0.514618 1.15578 1.11619
0.518214 1.13989 1.1258
0.521811 1.12385 1.13498
0.523904 1.11445 1.14012
0.5275 1.09822 1.14861
0.531096 1.08189 1.15667
0.533189 1.07234 1.16116
0.536786 1.05588 1.16853
0.540382 1.03937 1.17547
0.542475 1.02973 1.17932
0.546071 1.01315 1.18559
0.549668 0.996544 1.19145
0.551761 0.986875 1.19466
0.555357 0.970264 1.19987
0.558953 0.953664 1.20466
0.561047 0.944015 1.20727
0.564643 0.92746 1.21144
0.568239 0.910949 1.21522
0.570332 0.901364 1.21725
0.573929 0.884944 1.22043
0.577525 0.868595 1.22324
0.579618 0.859116 1.22471
0.583214 0.842899 1.22695
0.586811 0.826775 1.22884
0.588904 0.817438 1.22979
0.5925 0.801481 1.23115
0.596096 0.785637 1.23218
0.598189 0.776472 1.23263
0.601786 0.760823 1.23316
0.605382 0.745305 1.23339
0.607475 0.736337 1.23338
0.611071 0.721037 1.23314
0.614668 0.70588 1.23262
0.616761 0.697127 1.23219
0.620357 0.682207 1.23124
0.623953 0.66744 1.23003
0.626047 0.658918 1.2292
0.629643 0.644401 1.22759
0.633239 0.630044 1.22574
0.635332 0.621764 1.22456
0.638929 0.607665 1.22235
0.642525 0.593732 1.21991
0.644618 0.5857 1.2184
0.648214 0.57203 1.21563
0.651811 0.558528 1.21266
0.653904 0.550748 1.21084
0.6575 0.537511 1.20757
0.661096 0.524442 1.20411
0.663189 0.516913 1.20202
0.666786 0.504108 1.19828
0.670382 0.491469 1.19437
0.672475 0.48419 1.19203
0.676071 0.471812 1.18787
0.679668 0.459597 1.18355
0.681761 0.452562 1.18097
0.685357 0.440602 1.17642
0.688953 0.4288 1.17173
0.691047 0.422004 1.16894
0.694643 0.410449 1.16403
0.698239 0.399047 1.159
0.700332 0.392482 1.15601
0.703929 0.381318 1.15077
0.707525 0.3703 1.1454
0.709618 0.363956 1.14223
0.713214 0.353166 1.13668
0.716811 0.342516 1.13101
0.718904 0.336381 1.12766
0.7225 0.325947 1.12182
0.726096 0.315645 1.11586
0.728189 0.30971 1.11234
0.731786 0.299611 1.10621
0.735382 0.289637 1.09997
0.737475 0.283889 1.09629
0.741071 0.274105 1.08988
0.744668 0.264438 1.08336
0.746761 0.258863 1.07952
0.750357 0.249373 1.07283
0.753953 0.23999 1.06603
0.756047 0.234577 1.06202
0.759643 0.225358 1.05504
0.763239 0.216237 1.04795
0.765332 0.210973 1.04376
0.768929 0.202002 1.03649
0.772525 0.193121 1.02909
0.774618 0.187993 1.02472
0.778214 0.179248 1.01712
0.781811 0.170584 1.00939
0.783904 0.165578 1.00483
0.7875 0.157037 0.996878
0.791096 0.148569 0.988784
0.793189 0.143672 0.984
0.796786 0.135314 0.975661
0.800382 0.12702 0.967159
0.802475 0.122221 0.962128
0.806071 0.114024 0.953349
0.809668 0.105885 0.944383
0.811761 0.101173 0.93907
0.815357 0.0931191 0.929786
0.818953 0.0851167 0.920286
0.821047 0.0804814 0.914647
0.824643 0.0725554 0.904777
0.828239 0.0646755 0.894654
0.830332 0.0601096 0.888632
0.833929 0.0522998 0.878073
0.837525 0.0445332 0.867216
0.839618 0.0400325 0.860741
0.843214 0.032334 0.849365
0.846811 0.0246793 0.837632
0.848904 0.0202448 0.830616
0.8525 0.012663 0.818259
0.856096 0.00513081 0.805472
0.858189 0.00077164 0.797801
0.861786 -0.00667255 0.784257
0.865382 -0.014053 0.770187
0.867475 -0.0183151 0.761719
0.871071 -0.0255759 0.746722
0.874668 -0.0327457 0.731076
0.876761 -0.0368692 0.721622
0.880357 -0.0438613 0.704828
0.883953 -0.050714 0.687225
0.886047 -0.0546247 0.676543
0.889643 -0.0611985 0.6575
0.893239 -0.0675493 0.637436
0.895332 -0.0711197 0.625203
0.898929 -0.0770184 0.603314
0.902525 -0.0825511 0.580117
0.904618 -0.0855626 0.565902
0.908214 -0.0903462 0.540362
0.911811 -0.0945164 0.513126
0.913904 -0.0965921 0.496345
0.9175 -0.0994967 0.466063
0.921096 -0.101352 0.433555
0.923189 -0.101829 0.413415
0.926786 -0.101498 0.376908
0.930382 -0.0993291 0.337453
0.932475 -0.0970059 0.312891
0.936071 -0.0909557 0.268173
0.939668 -0.0815821 0.219571
0.941761 -0.074214 0.189243
0.945357 -0.0577144 0.133847
0.948953 -0.0349869 0.073537
0.950084 -0.0263064 0.0535606
0.950372 -0.0239591 0.0483836
0.95066 -0.0215559 0.0431741
0.950828 -0.020131 0.0401272
0.951116 -0.0176368 0.0348658
0.951404 -0.0150834 0.0295712
0.951572 -0.0135696 0.0264746
0.95186 -0.0109199 0.0211277
0.952148 -0.00820787 0.0157475
0.952316 -0.00660021 0.0126011
0.952604 -0.00378665 0.00716855
0.952892 -0.000907208 0.00170291
0.95306 0.000799465 -0.00149323
0.953348 0.00378598 -0.00701112
0.953636 0.00684202 -0.0125619
0.953804 0.00865316 -0.0158075
0.954092 0.0118222 -0.0214102
0.95438 0.0150646 -0.0270455
0.954548 0.016986 -0.03034
0.954836 0.0203476 -0.0360266
0.955124 0.0237866 -0.0417453
0.955292 0.0258244 -0.0450882
0.95558 0.0293893 -0.0508575
0.955868 0.0330359 -0.0566582
0.956036 0.0351965 -0.0600486
0.956324 0.038976 -0.0658987
0.956612 0.0428417 -0.0717797
0.95678 0.0451319 -0.0752162
0.957068 0.0491379 -0.0811452
0.957356 0.053235 -0.0871039
0.957524 0.0556621 -0.0905853
0.957812 0.0599073 -0.0965903
0.9581 0.0642486 -0.102624
0.958268 0.0668202 -0.106148
0.958556 0.0713179 -0.112226
0.958844 0.075917 -0.118331
0.959012 0.0786412 -0.121896
0.9593 0.0834055 -0.128042
0.959588 0.0882769 -0.134214
0.959756 0.0911622 -0.137817
0.960044 0.0962079 -0.144027
0.960332 0.101367 -0.150261
0.9605 0.104422 -0.153899
0.960788 0.109765 -0.160167
0.961076 0.115227 -0.166456
0.961244 0.118462 -0.170125
0.961532 0.124118 -0.176445
0.96182 0.129901 -0.182783
0.961988 0.133325 -0.186479
0.962276 0.139313 -0.192842
0.962564 0.145433 -0.19922
0.962732 0.149058 -0.202937
0.96302 0.155394 -0.209335
0.963308 0.161871 -0.215744
0.963476 0.165707 -0.219477
0.963764 0.172412 -0.225899
0.964052 0.179265 -0.232327
0.96422 0.183323 -0.236069
0.964508 0.190417 -0.242503
0.964796 0.197667 -0.248937
0.964964 0.201959 -0.252681
0.965252 0.209462 -0.259112
0.96554 0.21713 -0.265539
0.965708 0.221669 -0.269275
0.965996 0.229604 -0.275688
0.966284 0.237712 -0.28209
0.966452 0.242512 -0.285808
0.96674 0.250901 -0.292185
0.967028 0.259473 -0.298543
0.967196 0.264546 -0.302232
0.967484 0.273414 -0.308553
0.967772 0.282473 -0.314844
0.96794 0.287834 -0.318491
0.968228 0.297204 -0.324731
0.968516 0.306776 -0.330933
0.968684 0.31244 -0.334523
0.968972 0.322338 -0.340656
0.96926 0.332447 -0.34674
0.969428 0.338429 -0.350255
0.969716 0.348881 -0.356252
0.970004 0.359554 -0.362186
0.970172 0.365868 -0.365608
0.97046 0.376901 -0.371435
0.970748 0.388165 -0.377184
0.970916 0.394828 -0.380492
0.971204 0.406468 -0.386109
0.971492 0.418349 -0.391634
0.97166 0.425376 -0.394804
0.971948 0.43765 -0.40017
0.972236 0.450176 -0.405425
0.972404 0.457583 -0.408429
0.972692 0.470519 -0.413495
0.97298 0.483716 -0.41843
0.973148 0.491518 -0.421239
0.973436 0.505142 -0.425952
0.973724 0.519037 -0.430511
0.973892 0.52725 -0.43309
0.97418 0.541587 -0.437389
0.974468 0.556205 -0.441509
0.974636 0.564843 -0.44382
0.974924 0.579919 -0.447638
0.975212 0.595284 -0.451249
0.97538 0.604362 -0.45325
0.975668 0.620199 -0.456511
0.975956 0.636334 -0.459533
0.976124 0.645863 -0.461177
0.976412 0.662483 -0.463797
0.9767 0.679408 -0.466143
0.976868 0.6894 -0.467376
0.977156 0.706821 -0.469262
0.977444 0.724553 -0.470833
0.977612 0.735017 -0.471596
0.9779 0.753254 -0.472641
0.978188 0.771807 -0.473328
0.978356 0.782751 -0.473556
0.978644 0.801815 -0.473643
0.978932 0.821198 -0.473321
0.9791 0.832626 -0.472939
0.979388 0.852524 -0.471935
0.979676 0.872742 -0.470467
0.979844 0.884656 -0.46939
0.980132 0.905392 -0.467146
0.98042 0.926445 -0.464374
0.980588 0.938846 -0.462507
0.980876 0.960416 -0.458852
0.981164 0.982302 -0.454594
0.981332 0.995185 -0.451827
0.98162 1.01759 -0.446561
0.981908 1.0403 -0.440606
0.982076 1.05366 -0.436809
0.982364 1.07689 -0.429696
0.982652 1.10042 -0.421789
0.98282 1.11427 -0.416804
0.983108 1.13832 -0.407553
0.983396 1.16269 -0.397372
0.983564 1.17702 -0.390996
0.983852 1.20194 -0.379225
0.98414 1.22718 -0.366337
0.984308 1.24204 -0.35829
0.984596 1.26792 -0.343454
0.984884 1.29424 -0.327216
0.985052 1.30962 -0.316873
0.98534 1.33679 -0.29823
0.985628 1.3646 -0.277261
0.985796 1.38067 -0.263971
0.986084 1.41018 -0.239598
0.986372 1.44132 -0.21094
0.98654 1.45553 -0.191259
0.986828 1.49957 -0.155347
0.987116 1.53253 -0.0813887
0.987218 1.52098 -0.0563254
0.98728 1.53528 -0.0492442
0.987342 1.54053 -0.0115288
0.987378 1.52204 -0.00510316
0.98744 1.51282 0.00417336
0.987502 1.50543 0.0123592
0.987538 1.5018 0.0167924
0.9876 1.49622 0.0239763
0.987662 1.49125 0.0307296
0.987698 1.4886 0.034481
0.98776 1.48438 0.0406943
0.987822 1.48048 0.0466513
0.987858 1.47835 0.0500025
0.98792 1.4749 0.0556071
0.987982 1.47165 0.0610365
0.988018 1.46985 0.0641131
0.98808 1.46691 0.069288
0.988142 1.46413 0.0743334
0.988178 1.46257 0.077206
0.98824 1.46 0.082056
0.988302 1.45755 0.0868055
0.988338 1.45618 0.0895186
0.9884 1.4539 0.0941118
0.988462 1.45172 0.0986242
0.988498 1.45048 0.101208
0.98856 1.44844 0.105592
0.988622 1.44647 0.109909
0.988658 1.44535 0.112386
0.98872 1.4435 0.116594
0.988782 1.44171 0.120747
0.988818 1.44069 0.123134
0.98888 1.43899 0.127194
0.988942 1.43735 0.131206
0.988978 1.43642 0.133515
0.98904 1.43486 0.137447
0.989102 1.43334 0.141338
0.989138 1.43248 0.143579
0.9892 1.43104 0.1474
0.989262 1.42963 0.151186
0.989298 1.42883 0.153368
0.98936 1.42749 0.157091
0.989422 1.42619 0.160783
0.989458 1.42544 0.162914
0.98952 1.4242 0.166551
0.989582 1.42298 0.170161
0.989618 1.42228 0.172245
0.98968 1.42112 0.175806
0.989742 1.41998 0.179343
0.989778 1.41933 0.181387
0.98984 1.41823 0.18488
0.989902 1.41716 0.188352
0.989938 1.41655 0.19036
0.99 1.41552 0.193793
0.990062 1.41452 0.197207
0.990098 1.41394 0.199183
0.99016 1.41298 0.202562
0.990222 1.41203 0.205925
0.990258 1.41149 0.207872
0.99032 1.41058 0.211203
0.990382 1.40969 0.214521
0.990418 1.40917 0.216443
0.99048 1.40831 0.219732
0.990542 1.40747 0.22301
0.990578 1.40699 0.224909
0.99064 1.40617 0.228162
0.990702 1.40538 0.231405
0.990738 1.40492 0.233284
0.9908 1.40415 0.236504
0.990862 1.4034 0.239717
0.990898 1.40297 0.241579
0.99096 1.40224 0.244772
0.991022 1.40153 0.247959
0.991058 1.40112 0.249807
0.99112 1.40043 0.252976
0.991182 1.39976 0.256141
0.991218 1.39937 0.257978
0.99128 1.39872 0.261128
0.991342 1.39808 0.264276
0.991378 1.39771 0.266103
0.99144 1.39709 0.269238
0.991502 1.39649 0.272373
0.991538 1.39614 0.274193
0.9916 1.39556 0.277317
0.991662 1.39499 0.280442
0.991698 1.39466 0.282258
0.99176 1.3941 0.285376
0.991822 1.39356 0.288496
0.991858 1.39325 0.29031
0.99192 1.39273 0.293425
0.991982 1.39222 0.296545
0.992018 1.39192 0.298359
0.99208 1.39143 0.301477
0.992142 1.39095 0.304601
0.992178 1.39067 0.306418
0.99224 1.39021 0.309542
0.992302 1.38975 0.312675
0.992338 1.38949 0.314499
0.9924 1.38905 0.317634
0.992462 1.38863 0.320782
0.992498 1.38838 0.322614
0.99256 1.38797 0.325767
0.992622 1.38757 0.328934
0.992658 1.38733 0.330779
0.99272 1.38695 0.333955
0.992782 1.38658 0.337149
0.992818 1.38636 0.33901
0.99288 1.386 0.342216
0.992942 1.38565 0.345442
0.992978 1.38545 0.347324
0.99304 1.38512 0.350567
0.993102 1.38479 0.353835
0.993138 1.3846 0.355742
0.9932 1.3843 0.359031
0.993262 1.384 0.362349
0.993298 1.38383 0.364288
0.99336 1.38355 0.367633
0.993422 1.38327 0.371013
0.993458 1.38311 0.37299
0.99352 1.38286 0.376404
0.993582 1.38262 0.37986
0.993618 1.38247 0.381883
0.99368 1.38224 0.38538
0.993742 1.38202 0.388929
0.993778 1.38189 0.391009
0.99384 1.38169 0.39461
0.993902 1.38151 0.398272
0.993938 1.38139 0.400423
0.994 1.38122 0.404151
0.994062 1.38106 0.407957
0.994098 1.38096 0.410196
0.99416 1.38083 0.414087
0.994222 1.38071 0.418076
0.994258 1.38062 0.420429
0.99432 1.38052 0.424529
0.994382 1.38044 0.428759
0.994418 1.38037 0.431264
0.99448 1.38031 0.435645
0.994542 1.38027 0.440206
0.994578 1.38022 0.442924
0.99464 1.38022 0.447705
0.994702 1.38023 0.452756
0.994738 1.38019 0.455797
0.9948 1.38026 0.461199
0.994862 1.38034 0.467062
0.994898 1.38028 0.470669
0.99496 1.38048 0.477216
0.995022 1.38078 0.484746
0.995058 1.37947 0.490154
0.99512 1.38173 0.499449
0.995182 1.37732 0.519452
0.995324 1.34988 0.526136
0.995748 1.31633 0.539674
0.996172 1.29102 0.551199
0.99642 1.27839 0.554645
0.996844 1.26072 0.562853
0.997268 1.24474 0.570338
0.997516 1.23633 0.574268
0.99794 1.22294 0.581163
0.998364 1.21049 0.587746
0.998612 1.20371 0.591299
0.999036 1.19271 0.597518
0.99946 1.18229 0.603494
0.999708 1.17654 0.606785
1.00013 1.1671 0.612485
1.00056 1.15809 0.618026
1.0008 1.15304 0.621159
1.00123 1.14468 0.626443
1.00165 1.13668 0.631596
1.0019 1.13217 0.634537
1.00232 1.12467 0.639496
1.00275 1.11745 0.644344
1.003 1.11337 0.647117
1.00342 1.10655 0.651798
1.00384 1.09996 0.656385
1.00409 1.09622 0.659011
1.00452 1.08995 0.663451
1.00494 1.08388 0.667807
1.00519 1.08043 0.670304
1.00561 1.07463 0.67453
1.00604 1.06899 0.678682
1.00628 1.06577 0.681064
1.00671 1.06037 0.685099
1.00713 1.0551 0.689067
1.00738 1.05209 0.691346
1.0078 1.04702 0.695209
1.00823 1.04208 0.699011
1.00848 1.03925 0.701196
1.0089 1.03448 0.704903
1.00932 1.02981 0.708554
1.00957 1.02714 0.710653
1.01 1.02262 0.714217
1.01042 1.0182 0.71773
1.01067 1.01567 0.719751
1.01109 1.01139 0.723184
1.01152 1.00719 0.72657
1.01176 1.00478 0.728519
1.01219 1.0007 0.731832
1.01261 0.996692 0.7351
1.01286 0.994393 0.736982
1.01328 0.990497 0.740183
1.01371 0.986668 0.743343
1.01396 0.984468 0.745164
1.01438 0.980738 0.74826
1.0148 0.977068 0.751319
1.01505 0.974958 0.753082
1.01548 0.971378 0.756083
1.0159 0.967853 0.759047
1.01615 0.965825 0.760757
1.01657 0.962382 0.763667
1.017 0.958988 0.766543
1.01724 0.957035 0.768202
1.01767 0.953716 0.771028
1.01809 0.950443 0.773822
1.01834 0.948558 0.775434
1.01876 0.945354 0.778179
1.01919 0.942192 0.780896
1.01944 0.94037 0.782463
1.01986 0.937271 0.785134
1.02028 0.93421 0.787777
1.02053 0.932446 0.789303
1.02096 0.929445 0.791903
1.02138 0.926479 0.794477
1.02163 0.924768 0.795964
1.02205 0.921856 0.798497
1.02248 0.918978 0.801006
1.02272 0.917317 0.802455
1.02315 0.914488 0.804925
1.02357 0.911691 0.807372
1.02382 0.910076 0.808785
1.02424 0.907325 0.811195
1.02467 0.904603 0.813583
1.02492 0.903031 0.814963
1.02534 0.900353 0.817316
1.02576 0.897701 0.819648
1.02601 0.89617 0.820996
1.02644 0.893559 0.823295
1.02686 0.890973 0.825574
1.02711 0.889479 0.826891
1.02753 0.886931 0.829138
1.02796 0.884406 0.831366
1.0282 0.882948 0.832654
1.02863 0.880459 0.834852
1.02905 0.877993 0.837031
1.0293 0.876567 0.838291
1.02972 0.874134 0.840442
1.03015 0.871722 0.842575
1.0304 0.870328 0.843808
1.03082 0.867948 0.845914
1.03124 0.865587 0.848002
1.03149 0.864221 0.84921
1.03192 0.861891 0.851273
1.03234 0.859578 0.853319
1.03259 0.85824 0.854502
1.03301 0.855956 0.856523
1.03344 0.853689 0.858529
1.03368 0.852378 0.859689
1.03411 0.850138 0.86167
1.03453 0.847914 0.863636
1.03478 0.846627 0.864774
1.0352 0.844429 0.866717
1.03563 0.842246 0.868645
1.03588 0.840983 0.869761
1.0363 0.838824 0.871667
1.03672 0.83668 0.87356
1.03697 0.835439 0.874655
1.0374 0.833318 0.876526
1.03782 0.831211 0.878384
1.03807 0.829991 0.879459
1.03849 0.827905 0.881296
1.03892 0.825833 0.88312
1.03916 0.824633 0.884176
1.03959 0.822582 0.88598
1.04001 0.820543 0.887772
1.04026 0.819362 0.888809
1.04068 0.817343 0.890582
1.04111 0.815336 0.892342
1.04136 0.814173 0.893362
1.04178 0.812185 0.895104
1.0422 0.810209 0.896835
1.04245 0.809063 0.897837
1.04288 0.807105 0.899549
1.0433 0.805157 0.901251
1.04355 0.804028 0.902236
1.04397 0.802098 0.903921
1.0444 0.800177 0.905594
1.04464 0.799065 0.906563
1.04507 0.797161 0.90822
1.04549 0.795267 0.909867
1.04574 0.79417 0.91082
1.04616 0.792292 0.912451
1.04659 0.790424 0.914071
1.04684 0.789341 0.915009
1.04726 0.787487 0.916614
1.04768 0.785643 0.918209
1.04793 0.784574 0.919133
1.04836 0.782745 0.920712
1.04878 0.780923 0.922283
1.04903 0.77987 0.92319
1.04945 0.778062 0.924748
1.04988 0.776273 0.926282
1.05107 0.77124 0.930607
1.05475 0.756183 0.943433
1.05843 0.741649 0.955682
1.06057 0.733404 0.962564
1.06425 0.719592 0.973981
1.06793 0.706162 0.984944
1.07007 0.698505 0.991133
1.07375 0.68561 1.00144
1.07743 0.673003 1.01139
1.07957 0.665786 1.01703
1.08325 0.653582 1.02646
1.08693 0.641596 1.03559
1.08907 0.634712 1.04079
1.09275 0.623032 1.0495
1.09643 0.611516 1.05798
1.09857 0.604881 1.06282
1.10225 0.593593 1.07096
1.10593 0.582426 1.0789
1.10807 0.575976 1.08344
1.11175 0.564973 1.0911
1.11543 0.554054 1.0986
1.11757 0.547732 1.10289
1.12125 0.536923 1.11016
1.12493 0.526165 1.11729
1.12707 0.519923 1.12138
1.13075 0.509226 1.12831
1.13443 0.498551 1.13513
1.13657 0.492345 1.13905
1.14025 0.481686 1.1457
1.14393 0.471024 1.15225
1.14607 0.464812 1.15602
1.14975 0.454123 1.16242
1.15343 0.443405 1.16874
1.15557 0.437149 1.17237
1.15925 0.426365 1.17855
1.16293 0.415526 1.18465
1.16507 0.409189 1.18816
1.16875 0.398246 1.19413
1.17243 0.387225 1.20002
1.17457 0.380771 1.20342
1.17825 0.369608 1.20918
1.18193 0.358343 1.21486
1.18407 0.351737 1.21813
1.18775 0.340294 1.22368
1.19143 0.328727 1.22914
1.19357 0.321936 1.23228
1.19725 0.310157 1.23759
1.20093 0.298236 1.24282
1.20307 0.291229 1.24582
1.20675 0.27905 1.2509
1.21043 0.266689 1.25588
1.21257 0.259405 1.25871
1.21625 0.246735 1.26349
1.21993 0.233859 1.26814
1.22207 0.226267 1.27077
1.22575 0.213048 1.27517
1.22943 0.199606 1.2794
1.23157 0.191676 1.28177
1.23525 0.177866 1.28569
1.23893 0.163816 1.28941
1.24107 0.155528 1.29146
1.24475 0.14109 1.2948
1.24843 0.126405 1.29788
1.25057 0.11774 1.29954
1.25425 0.102656 1.30217
1.25793 0.0873163 1.30447
1.26007 0.0782754 1.30566
1.26375 0.0625359 1.30741
1.26743 0.0465515 1.30879
1.26957 0.0371336 1.30937
1.27325 0.0207642 1.31009
1.27693 0.00416274 1.3103
1.27907 -0.00560438 1.31024
1.28275 -0.0225469 1.30962
1.28643 -0.0397067 1.30852
1.28857 -0.0496999 1.3074
1.29225 -0.0671697 1.30533
1.29593 -0.0845108 1.3021
1.29807 -0.0953217 1.30086
1.30175 -0.112123 1.29546
1.30543 -0.129013 1.29195
1.30757 -0.139954 1.28726
1.31125 -0.155904 1.2808
1.31493 -0.171658 1.27399
1.31707 -0.18063 1.26975
1.32075 -0.195695 1.26229
1.32443 -0.21031 1.2544
1.32657 -0.218617 1.24974
1.33025 -0.23253 1.24136
1.33393 -0.246015 1.23277
1.33607 -0.253664 1.22762
1.33975 -0.266477 1.21866
1.34343 -0.278875 1.20947
1.34557 -0.285907 1.20407
1.34925 -0.297667 1.19461
1.35293 -0.309038 1.18503
1.35507 -0.315478 1.17938
1.35875 -0.326246 1.16959
1.36243 -0.336643 1.1597
1.36457 -0.34253 1.15391
1.36825 -0.352359 1.14388
1.37193 -0.361842 1.1338
1.37407 -0.367204 1.1279
1.37775 -0.376154 1.11773
1.38143 -0.384777 1.10752
1.38357 -0.389651 1.10157
1.38725 -0.397774 1.09131
1.39093 -0.405594 1.08105
1.39307 -0.410008 1.07508
1.39675 -0.417361 1.06481
1.40043 -0.424429 1.05455
1.40257 -0.428415 1.04858
1.40625 -0.435048 1.03835
1.40993 -0.441416 1.02813
1.41207 -0.445003 1.0222
1.41575 -0.450965 1.01203
1.41943 -0.456681 1.00191
1.42157 -0.459897 0.99603
1.42525 -0.465236 0.985967
1.42893 -0.470346 0.975953
1.43107 -0.473217 0.97015
1.43475 -0.477977 0.960219
1.43843 -0.482524 0.950345
1.44057 -0.485076 0.944627
1.44425 -0.489299 0.93485
1.44793 -0.493324 0.925138
1.45007 -0.495579 0.919517
1.45375 -0.499304 0.909911
1.45743 -0.502847 0.900376
1.45957 -0.504827 0.89486
1.46325 -0.508092 0.88544
1.46693 -0.511188 0.876095
1.46907 -0.512914 0.870692
1.47275 -0.515752 0.861468
1.47643 -0.518435 0.852323
1.47857 -0.519926 0.847038
1.48225 -0.522371 0.838019
1.48593 -0.524672 0.829081
1.48807 -0.525947 0.823917
1.49175 -0.528028 0.815109
1.49543 -0.529977 0.806383
1.49757 -0.531051 0.801343
1.50125 -0.532797 0.79275
1.50493 -0.534421 0.78424
1.50707 -0.535311 0.779326
1.51075 -0.536748 0.77095
1.51443 -0.538073 0.762658
1.51657 -0.538793 0.757871
1.52025 -0.539945 0.749712
1.52393 -0.540994 0.741638
1.52607 -0.541557 0.736978
1.52975 -0.542448 0.729038
1.53343 -0.543242 0.721181
1.53557 -0.543662 0.716648
1.53925 -0.544311 0.708924
1.54293 -0.544873 0.701284
1.54507 -0.54516 0.696876
1.54875 -0.545588 0.689367
1.55243 -0.545935 0.681941
1.55457 -0.546101 0.677657
1.55825 -0.546326 0.670361
1.56193 -0.546476 0.663146
1.56407 -0.54653 0.658984
1.56775 -0.546568 0.651897
1.57143 -0.546538 0.644889
1.57357 -0.54649 0.640848
1.57725 -0.546357 0.633967
1.58093 -0.546162 0.627164
1.58307 -0.546021 0.62324
1.58675 -0.545731 0.61656
1.59043 -0.545384 0.609957
1.59257 -0.545157 0.60615
1.59625 -0.544724 0.599667
1.59993 -0.544239 0.59326
1.60207 -0.543934 0.589566
1.60575 -0.54337 0.583276
1.60943 -0.542759 0.577061
1.61157 -0.542382 0.573477
1.61525 -0.541699 0.567376
1.61893 -0.540972 0.561346
1.62107 -0.54053 0.55787
1.62475 -0.539739 0.551953
1.62843 -0.538907 0.546106
1.63057 -0.538406 0.542734
1.63425 -0.537515 0.536996
1.63793 -0.536588 0.531326
1.64007 -0.536033 0.528057
1.64375 -0.535052 0.522493
1.64743 -0.534039 0.516994
1.64957 -0.533435 0.513825
1.65325 -0.532373 0.50843
1.65693 -0.531281 0.503099
1.65907 -0.530633 0.500026
1.66275 -0.529497 0.494796
1.66643 -0.528335 0.489628
1.66857 -0.527646 0.486648
1.67225 -0.526444 0.481577
1.67593 -0.525218 0.476567
1.67807 -0.524493 0.473679
1.68175 -0.523231 0.468763
1.68543 -0.521948 0.463906
1.68757 -0.521191 0.461106
1.69125 -0.519875 0.45634
1.69493 -0.51854 0.451631
1.69707 -0.517754 0.448917
1.70075 -0.516391 0.444297
1.70443 -0.515009 0.439732
1.70657 -0.514198 0.4371
1.71025 -0.512791 0.432621
1.71393 -0.51137 0.428196
1.71607 -0.510535 0.425645
1.71975 -0.509091 0.421302
1.72343 -0.507633 0.417012
1.72557 -0.506778 0.414538
1.72925 -0.5053 0.410329
1.73293 -0.50381 0.406169
1.73507 -0.502938 0.403771
1.73875 -0.501431 0.399689
1.74243 -0.499913 0.395656
1.74457 -0.499025 0.393331
1.74825 -0.497493 0.389373
1.75193 -0.495951 0.385462
1.75407 -0.49505 0.383208
1.75775 -0.493495 0.37937
1.76143 -0.491933 0.375578
1.76357 -0.49102 0.373392
1.76725 -0.489447 0.36967
1.77093 -0.487867 0.365993
1.77307 -0.486945 0.363872
1.77675 -0.485356 0.360263
1.78043 -0.483761 0.356697
1.78257 -0.482831 0.35464
1.78625 -0.481229 0.35114
1.78993 -0.479623 0.347681
1.79207 -0.478686 0.345686
1.79575 -0.477073 0.342291
1.79943 -0.475458 0.338935
1.80157 -0.474516 0.337001
1.80525 -0.472895 0.333707
1.80893 -0.471272 0.330452
1.81107 -0.470327 0.328575
1.81475 -0.468701 0.32538
1.81843 -0.467072 0.322222
1.82057 -0.466124 0.320401
1.82425 -0.464494 0.317301
1.82793 -0.462863 0.314236
1.83007 -0.461913 0.312469
1.83375 -0.460281 0.309461
1.83743 -0.458648 0.306488
1.83957 -0.457698 0.304773
1.84325 -0.456065 0.301854
1.84693 -0.454433 0.298968
1.84907 -0.453483 0.297304
1.85275 -0.451852 0.294471
1.85643 -0.450221 0.29167
1.85857 -0.449272 0.290055
1.86225 -0.447643 0.287305
1.86593 -0.446016 0.284586
1.86807 -0.445069 0.283018
1.87175 -0.443444 0.280349
1.87543 -0.441821 0.277709
1.87757 -0.440877 0.276187
1.88125 -0.439257 0.273595
1.88493 -0.437639 0.271033
1.88707 -0.436699 0.269555
1.89075 -0.435085 0.267038
1.89443 -0.433473 0.26455
1.89657 -0.432537 0.263115
1.90025 -0.43093 0.260671
1.90393 -0.429326 0.258254
1.90607 -0.428394 0.25686
1.90975 -0.426795 0.254487
1.91343 -0.425199 0.25214
1.91557 -0.424272 0.250786
1.91925 -0.422682 0.248481
1.92293 -0.421096 0.246201
1.92507 -0.420174 0.244886
1.92875 -0.418594 0.242646
1.93243 -0.417017 0.240431
1.93457 -0.416101 0.239154
1.93825 -0.414531 0.236978
1.94193 -0.412965 0.234826
1.94407 -0.412055 0.233584
1.94775 -0.410496 0.23147
1.95143 -0.408941 0.229379
1.95357 -0.408037 0.228173
1.95725 -0.406489 0.226118
1.96093 -0.404946 0.224086
1.96307 -0.404049 0.222913
1.96675 -0.402513 0.220916
1.97043 -0.400982 0.218941
1.97257 -0.400092 0.217802
1.97625 -0.398568 0.21586
1.97993 -0.397049 0.21394
1.98207 -0.396167 0.212832
1.98575 -0.394656 0.210945
1.98943 -0.39315 0.209079
1.99157 -0.392275 0.208002
1.99525 -0.390777 0.206167
1.99893 -0.389284 0.204352
2.00338 -0.387484 0.202182
2.015 -0.382823 0.19665
2.02662 -0.378215 0.191303
2.03338 -0.375557 0.188273
2.045 -0.371036 0.183204
2.05662 -0.366569 0.178302
2.06338 -0.363995 0.175523
2.075 -0.359617 0.170872
2.08662 -0.355295 0.166372
2.09338 -0.352806 0.16382
2.105 -0.348574 0.159547
2.11662 -0.344398 0.155411
2.12338 -0.341994 0.153065
2.135 -0.337909 0.149135
2.14662 -0.33388 0.145329
2.15338 -0.33156 0.143169
2.165 -0.32762 0.13955
2.17662 -0.323736 0.136043
2.18338 -0.3215 0.134053
2.195 -0.317704 0.130716
2.20662 -0.313961 0.127482
2.21338 -0.311808 0.125645
2.225 -0.308151 0.122565
2.23662 -0.304548 0.119578
2.24338 -0.302475 0.117881
2.255 -0.298956 0.115035
2.26662 -0.295487 0.112273
2.27338 -0.293493 0.110704
2.285 -0.290106 0.108071
2.29662 -0.286769 0.105515
2.30338 -0.28485 0.104062
2.315 -0.281592 0.101624
2.32662 -0.278382 0.0992555
2.33338 -0.276536 0.0979089
2.345 -0.273403 0.0956478
2.35662 -0.270315 0.0934513
2.36338 -0.26854 0.0922018
2.375 -0.265526 0.0901032
2.38662 -0.262557 0.0880637
2.39338 -0.260849 0.0869032
2.405 -0.257951 0.0849534
2.41662 -0.255095 0.0830577
2.42338 -0.253453 0.0819787
2.435 -0.250665 0.0801654
2.44662 -0.247918 0.0784016
2.45338 -0.246338 0.0773974
2.465 -0.243657 0.0757093
2.47662 -0.241014 0.0740667
2.48338 -0.239495 0.0731312
2.495 -0.236915 0.0715581
2.50662 -0.234373 0.0700269
2.51338 -0.232911 0.0691546
2.525 -0.230429 0.0676873
2.53662 -0.227983 0.0662586
2.54338 -0.226576 0.0654444
2.555 -0.224188 0.0640746
2.56662 -0.221834 0.0627403
2.57338 -0.22048 0.0619797
2.585 -0.218181 0.0606996
2.59662 -0.215915 0.0594524
2.60338 -0.214611 0.0587412
2.615 -0.212398 0.057544
2.62662 -0.210216 0.0563772
2.63338 -0.208961 0.0557117
2.645 -0.206829 0.054591
2.65662 -0.204728 0.0534984
2.66338 -0.203519 0.052875
2.675 -0.201466 0.0518251
2.68662 -0.199442 0.0508012
2.69338 -0.198278 0.0502169
2.705 -0.196299 0.0492324
2.71662 -0.194349 0.048272
2.72338 -0.193226 0.0477239
2.735 -0.19132 0.0468001
2.74662 -0.18944 0.0458986
2.75338 -0.188358 0.0453839
2.765 -0.18652 0.0445164
2.77662 -0.184707 0.0436695
2.78338 -0.183664 0.043186
2.795 -0.181892 0.0423706
2.80662 -0.180144 0.0415744
2.81338 -0.179137 0.0411197
2.825 -0.177427 0.0403528
2.83662 -0.175741 0.0396038
2.84338 -0.17477 0.0391759
2.855 -0.17312 0.0384541
2.86662 -0.171493 0.0377488
2.87338 -0.170556 0.0373458
2.885 -0.168964 0.0366659
2.89662 -0.167393 0.0360015
2.90338 -0.166488 0.0356217
2.915 -0.16495 0.0349809
2.92662 -0.163434 0.0343544
2.93338 -0.16256 0.0339963
2.945 -0.161075 0.0333918
2.95662 -0.15961 0.0328007
2.96338 -0.158766 0.0324628
2.975 -0.157331 0.0318922
2.98662 -0.155916 0.0313342
2.99338 -0.1551 0.031015
3.005 -0.153714 0.0304762
3.01662 -0.152345 0.029949
3.02338 -0.151557 0.0296474
3.035 -0.150217 0.0291381
3.04662 -0.148894 0.0286397
3.05338 -0.148132 0.0283546
3.065 -0.146836 0.027873
3.07662 -0.145556 0.0274015
3.08338 -0.144819 0.0271318
3.095 -0.143566 0.026676
3.10662 -0.142328 0.0262298
3.11338 -0.141615 0.0259744
3.125 -0.140402 0.0255429
3.13662 -0.139204 0.0251203
3.14338 -0.138514 0.0248784
3.155 -0.13734 0.0244695
3.16662 -0.13618 0.024069
3.17338 -0.135512 0.0238398
3.185 -0.134375 0.0234522
3.19662 -0.133253 0.0230725
3.20338 -0.132606 0.022855
3.215 -0.131505 0.0224874
3.22662 -0.130417 0.0221272
3.23338 -0.129791 0.0219208
3.245 -0.128724 0.0215719
3.25662 -0.127671 0.02123
3.26338 -0.127063 0.0210341
3.275 -0.12603 0.0207028
3.28662 -0.125009 0.020378
3.29338 -0.124421 0.0201919
3.305 -0.123419 0.0198772
3.31662 -0.122429 0.0195686
3.32338 -0.121858 0.0193917
3.335 -0.120887 0.0190925
3.34662 -0.119927 0.0187991
3.35338 -0.119374 0.0186309
3.365 -0.118432 0.0183464
3.37662 -0.117501 0.0180673
3.38338 -0.116964 0.0179073
3.395 -0.116051 0.0176365
3.40662 -0.115147 0.0173709
3.41338 -0.114626 0.0172186
3.425 -0.11374 0.0169608
3.43662 -0.112863 0.0167079
3.44338 -0.112358 0.0165628
3.455 -0.111497 0.0163173
3.46662 -0.110646 0.0160763
3.47338 -0.110155 0.0159381
3.485 -0.109319 0.0157042
3.49662 -0.108493 0.0154745
3.50338 -0.108016 0.0153428
3.515 -0.107205 0.0151197
3.52662 -0.106402 0.0149008
3.53338 -0.105939 0.0147751
3.545 -0.105151 0.0145624
3.55662 -0.104371 0.0143535
3.56338 -0.103921 0.0142336
3.575 -0.103155 0.0140306
3.58662 -0.102398 0.0138312
3.59338 -0.10196 0.0137168
3.605 -0.101216 0.013523
3.61662 -0.100479 0.0133326
3.62338 -0.100054 0.0132233
3.635 -0.0993306 0.0130382
3.64662 -0.0986145 0.0128564
3.65338 -0.0982013 0.012752
3.665 -0.0974974 0.0125751
3.67662 -0.096801 0.0124014
3.68338 -0.0963991 0.0123016
3.695 -0.0957145 0.0121325
3.70662 -0.0950371 0.0119664
3.71338 -0.0946462 0.011871
3.725 -0.0939801 0.0117093
3.73662 -0.093321 0.0115504
3.74338 -0.0929406 0.0114592
3.755 -0.0922924 0.0113045
3.76662 -0.0916509 0.0111525
3.77338 -0.0912807 0.0110652
3.785 -0.0906498 0.0109171
3.79662 -0.0900254 0.0107716
3.80338 -0.089665 0.010688
3.815 -0.0890508 0.0105463
3.82662 -0.0884428 0.0104069
3.83338 -0.0880919 0.0103269
3.845 -0.0874937 0.0101912
3.85662 -0.0869017 0.0100577
3.86338 -0.0865599 0.00998098
3.875 -0.0859773 0.00985092
3.88662 -0.0854006 0.00972299
3.89338 -0.0850676 0.0096495
3.905 -0.0845 0.00952485
3.91662 -0.0839382 0.00940221
3.92338 -0.0836137 0.00933175
3.935 -0.0830607 0.00921222
3.94662 -0.0825131 0.00909462
3.95338 -0.0821969 0.00902704
3.965 -0.0816579 0.00891239
3.97662 -0.0811241 0.00879957
3.98338 -0.0808159 0.00873473
3.995 -0.0802904 0.00862473
4.00662 -0.0797701 0.00851646
4.01338 -0.0794695 0.00845423
4.025 -0.0789572 0.00834864
4.03662 -0.0784498 0.0082447
4.04338 -0.0781567 0.00818496
4.055 -0.077657 0.00808357
4.06662 -0.0771621 0.00798376
4.07338 -0.0768763 0.00792638
4.085 -0.0763888 0.00782899
4.09662 -0.075906 0.00773311
4.10338 -0.0756272 0.00767799
4.115 -0.0751516 0.00758442
4.12662 -0.0746805 0.00749228
4.13338 -0.0744084 0.0074393
4.145 -0.0739444 0.00734937
4.15662 -0.0734846 0.0072608
4.16338 -0.0732191 0.00720987
4.175 -0.0727661 0.00712341
4.18662 -0.0723174 0.00703824
4.19338 -0.0720581 0.00698927
4.205 -0.071616 0.00690611
4.21662 -0.0711779 0.0068242
4.22338 -0.0709248 0.00677708
4.235 -0.070493 0.00669708
4.24662 -0.0700652 0.00661827
4.25338 -0.0698181 0.00657293
4.265 -0.0693964 0.00649595
4.27662 -0.0689786 0.00642009
4.28338 -0.0687372 0.00637646
4.295 -0.0683254 0.00630235
4.30662 -0.0679173 0.00622932
4.31338 -0.0676814 0.0061873
4.325 -0.0672791 0.00611594
4.33662 -0.0668804 0.00604562
4.34338 -0.0666499 0.00600515
4.355 -0.0662568 0.00593642
4.36662 -0.0658672 0.00586867
4.37338 -0.065642 0.00582969
4.385 -0.0652578 0.00576347
4.39662 -0.064877 0.00569819
4.40338 -0.0646569 0.00566063
4.415 -0.0642814 0.00559681
4.42662 -0.0639091 0.00553389
4.43338 -0.063694 0.00549769
4.445 -0.0633268 0.00543616
4.45662 -0.0629629 0.0053755
4.46338 -0.0627525 0.00534059
4.475 -0.0623936 0.00528127
4.48662 -0.0620377 0.00522277
4.49338 -0.061832 0.0051891
4.505 -0.0614809 0.00513188
4.51662 -0.0611328 0.00507546
4.52338 -0.0609316 0.00504297
4.535 -0.0605883 0.00498777
4.54662 -0.0602478 0.00493333
4.55338 -0.060051 0.00490198
4.565 -0.0597151 0.00484871
4.57662 -0.059382 0.00479616
4.58338 -0.0591894 0.00476591
4.595 -0.0588607 0.00471449
4.60662 -0.0585348 0.00466376
4.61338 -0.0583464 0.00463455
4.625 -0.0580248 0.0045849
4.63662 -0.0577058 0.00453592
4.64338 -0.0575214 0.00450771
4.655 -0.0572066 0.00445976
4.66662 -0.0568944 0.00441245
4.67338 -0.0567139 0.00438521
4.685 -0.0564058 0.00433889
4.69662 -0.0561002 0.00429318
4.70338 -0.0559235 0.00426686
4.715 -0.0556218 0.0042221
4.72662 -0.0553225 0.00417793
4.73338 -0.0551495 0.00415249
4.745 -0.0548541 0.00410924
4.75662 -0.0545611 0.00406654
4.76338 -0.0543917 0.00404196
4.775 -0.0541024 0.00400014
4.78662 -0.0538154 0.00395887
4.79338 -0.0536495 0.00393509
4.805 -0.0533661 0.00389466
4.81662 -0.053085 0.00385475
4.82338 -0.0529225 0.00383175
4.835 -0.0526449 0.00379265
4.84662 -0.0523695 0.00375405
4.85338 -0.0522103 0.00373181
4.865 -0.0519383 0.00369398
4.87662 -0.0516685 0.00365663
4.88338 -0.0515125 0.00363511
4.895 -0.051246 0.00359851
4.90662 -0.0509816 0.00356237
4.91338 -0.0508287 0.00354155
4.925 -0.0505675 0.00350612
4.93662 -0.0503084 0.00347114
4.94338 -0.0501585 0.00345099
4.955 -0.0499026 0.0034167
4.96662 -0.0496486 0.00338283
4.97338 -0.0495017 0.00336332
4.985 -0.0492508 0.00333012
4.99662 -0.0490018 0.00329733
5.01127 -0.0486905 0.00325656
5.05 -0.0478819 0.00315179
5.08873 -0.0470935 0.00305123
5.11127 -0.0466436 0.00299455
5.15 -0.0458858 0.00290023
5.18873 -0.0451463 0.0028096
5.21127 -0.0447243 0.0027585
5.25 -0.0440129 0.00267339
5.28873 -0.0433185 0.00259154
5.31127 -0.0429219 0.00254536
5.35 -0.0422533 0.0024684
5.38873 -0.0416003 0.00239433
5.41127 -0.0412273 0.00235251
5.45 -0.0405981 0.00228277
5.48873 -0.0399833 0.00221561
5.51127 -0.0396319 0.00217767
5.55 -0.0390391 0.00211435
5.58873 -0.0384595 0.00205333
5.61127 -0.0381282 0.00201884
5.65 -0.0375689 0.00196125
5.68873 -0.0370219 0.00190571
5.71127 -0.0367092 0.0018743
5.75 -0.036181 0.00182182
5.78873 -0.0356642 0.00177118
5.81127 -0.0353686 0.00174252
5.85 -0.0348692 0.00169462
5.88873 -0.0343804 0.00164836
5.91127 -0.0341007 0.00162217
5.95 -0.0336281 0.00157838
5.98873 -0.0331653 0.00153606
6.01127 -0.0329004 0.00151208
6.05 -0.0324526 0.00147197
6.08873 -0.032014 0.00143319
6.11127 -0.0317629 0.00141121
6.15 -0.0313383 0.00137442
6.18873 -0.0309222 0.00133883
6.21127 -0.0306839 0.00131865
6.25 -0.0302808 0.00128486
6.28873 -0.0298857 0.00125214
6.31127 -0.0296594 0.00123359
6.35 -0.0292764 0.0012025
6.38873 -0.0289009 0.00117239
6.41127 -0.0286858 0.0011553
6.45 -0.0283216 0.00112666
6.48873 -0.0279645 0.00109891
6.51127 -0.0277597 0.00108315
6.55 -0.0274132 0.00105673
6.58873 -0.0270731 0.00103112
6.61127 -0.0268782 0.00101657
6.65 -0.0265481 0.000992165
6.68873 -0.0262241 0.000968494
6.71127 -0.0260383 0.000955043
6.75 -0.0257236 0.000932475
6.78873 -0.0254147 0.000910572
6.81127 -0.0252375 0.000898122
6.85 -0.0249373 0.000877224
6.88873 -0.0246425 0.000856933
6.91127 -0.0244734 0.000845394
6.95 -0.0241868 0.00082602
6.98873 -0.0239053 0.0008072
7.01127 -0.0237437 0.000796494
7.05 -0.0234699 0.000778512
7.08873 -0.0232009 0.000761037
7.11127 -0.0230465 0.000751093
7.15 -0.0227847 0.000734384
7.18873 -0.0225274 0.000718139
7.21127 -0.0223797 0.000708892
7.25 -0.0221293 0.000693349
7.28873 -0.0218831 0.000678232
7.31127 -0.0217417 0.000669624
7.35 -0.021502 0.000655151
7.38873 -0.0212662 0.000641069
7.41127 -0.0211308 0.000633048
7.45 -0.0209012 0.000619557
7.48873 -0.0206753 0.000606425
7.51127 -0.0205455 0.000598943
7.55 -0.0203254 0.000586356
7.58873 -0.0201088 0.000574098
7.61127 -0.0199844 0.000567113
7.65 -0.0197733 0.000555357
7.68873 -0.0195655 0.000543905
7.71127 -0.0194461 0.000537376
7.75 -0.0192435 0.000526386
7.78873 -0.0190441 0.000515677
7.81127 -0.0189294 0.00050957
7.85 -0.0187349 0.000499286
7.88873 -0.0185433 0.000489262
7.91127 -0.0184332 0.000483544
7.95 -0.0182463 0.000473914
7.98873 -0.0180623 0.000464523
8.01127 -0.0179564 0.000459165
8.05 -0.0177767 0.000450138
8.08873 -0.0175998 0.000441333
8.11127 -0.017498 0.000436308
8.15 -0.0173252 0.00042784
8.18873 -0.017155 0.000419577
8.21127 -0.0170571 0.00041486
8.25 -0.0168908 0.000406909
8.28873 -0.0167269 0.000399149
8.31127 -0.0166327 0.000394718
8.35 -0.0164726 0.000387247
8.38873 -0.0163148 0.000379953
8.41127 -0.0162241 0.000375788
8.45 -0.0160699 0.000368762
8.48873 -0.0159179 0.000361901
8.51127 -0.0158304 0.000357982
8.55 -0.0156818 0.000351371
8.58873 -0.0155354 0.000344912
8.61127 -0.015451 0.000341222
8.65 -0.0153078 0.000334995
8.68873 -0.0151665 0.000328911
8.71127 -0.0150852 0.000325434
8.75 -0.0149471 0.000319566
8.78873 -0.0148108 0.00031383
8.81127 -0.0147323 0.000310551
8.85 -0.014599 0.000305017
8.88873 -0.0144675 0.000299606
8.91127 -0.0143918 0.000296513
8.95 -0.0142631 0.00029129
8.98873 -0.0141361 0.000286182
9.01127 -0.014063 0.000283261
9.05 -0.0139387 0.000278328
9.08873 -0.013816 0.000273503
9.11127 -0.0137454 0.000270743
9.15 -0.0136253 0.000266082
9.18873 -0.0135068 0.000261521
9.21127 -0.0134385 0.000258912
9.25 -0.0133225 0.000254504
9.28873 -0.0132079 0.00025019
9.31127 -0.0131419 0.000247722
9.35 -0.0130297 0.000243552
9.38873 -0.0129189 0.000239469
9.41127 -0.0128551 0.000237132
9.45 -0.0127466 0.000233184
9.48873 -0.0126394 0.000229318
9.51127 -0.0125777 0.000227105
9.55 -0.0124727 0.000223365
9.58873 -0.012369 0.000219702
9.61127 -0.0123093 0.000217606
9.65 -0.0122077 0.000214061
9.68873 -0.0121073 0.00021059
9.71127 -0.0120495 0.000208602
9.75 -0.0119512 0.000205243
9.78873 -0.0118542 0.000201952
9.81127 -0.0117984 0.00020007
9.85 -0.0117036 0.000196891
9.88873 -0.0116112 0.000193803
11.1575 -0.00905506 0.000118412
19.8 -0.00282424 1.16526e-05
87.8425 -0.000142033 2.96683e-08
