0 0 0
0.001 2.78255e-07 0
0.002 1.11303e-06 0
0.003 2.50436e-06 0
0.004 4.4523e-06 0
0.005 6.95693e-06 0
0.006 1.00184e-05 0
0.007 1.36367e-05 0
0.008 1.78121e-05 0
0.009 2.25447e-05 0
0.01 2.78348e-05 0
0.011 3.36825e-05 0
0.012 4.00881e-05 0
0.013 4.70519e-05 0
0.014 5.45741e-05 0
0.015 6.2655e-05 0
0.016 7.1295e-05 0
0.017 8.04944e-05 0
0.018 9.02536e-05 0
0.019 0.000100573 0
0.02 0.000111453 0
0.021 0.000122894 0
0.022 0.000134897 0
0.023 0.000147461 0
0.024 0.000160589 0
0.025 0.000174279 0
0.026 0.000188533 0
0.027 0.000203351 0
0.028 0.000218734 0
0.029 0.000234682 0
0.03 0.000251197 0
0.031 0.000268278 0
0.032 0.000285927 0
0.033 0.000304144 0
0.034 0.000322931 0
0.035 0.000342287 0
0.036 0.000362213 0
0.037 0.000382711 0
0.038 0.000403782 0
0.039 0.000425425 0
0.04 0.000447642 0
0.041 0.000470435 0
0.042 0.000493803 0
0.043 0.000517748 0
0.044 0.000542271 0
0.045 0.000567373 0
0.046 0.000593055 0
0.047 0.000619319 0
0.048 0.000646164 0
0.049 0.000673592 0
0.05 0.000701605 0
0.051 0.000730204 0
0.052 0.000759389 0
0.053 0.000789163 0
0.054 0.000819526 0
0.055 0.000850479 0
0.056 0.000882025 0
0.057 0.000914164 0
0.058 0.000946897 0
0.059 0.000980226 0
0.06 0.00101415 0
0.061 0.00104868 0
0.062 0.00108381 0
0.063 0.00111953 0
0.064 0.00115587 0
0.065 0.0011928 0
0.066 0.00123035 0
0.067 0.0012685 0
0.068 0.00130726 0
0.069 0.00134663 0
0.07 0.00138662 0
0.071 0.00142722 0
0.072 0.00146844 0
0.073 0.00151028 0
0.074 0.00155273 0
0.075 0.00159582 0
0.076 0.00163952 0
0.077 0.00168385 0
0.078 0.00172881 0
0.079 0.0017744 0
0.08 0.00182062 0
0.081 0.00186748 0
0.082 0.00191497 0
0.083 0.0019631 0
0.084 0.00201187 0
0.085 0.00206129 0
0.086 0.00211134 0
0.087 0.00216205 0
0.088 0.00221341 0
0.089 0.00226542 0
0.09 0.00231808 0
0.091 0.0023714 0
0.092 0.00242538 0
0.093 0.00248002 0
0.094 0.00253533 0
0.095 0.0025913 0
0.096 0.00264794 0
0.097 0.00270526 0
0.098 0.00276325 0
0.099 0.00282192 0
0.1 0.00288126 0
0.101 0.00294129 0
0.102 0.00300201 0
0.103 0.00306342 0
0.104 0.00312552 0
0.105 0.00318831 0
0.106 0.0032518 0
0.107 0.00331599 0
0.108 0.00338089 0
0.109 0.00344649 0
0.11 0.0035128 0
0.111 0.00357983 0
0.112 0.00364757 0
0.113 0.00371604 0
0.114 0.00378523 0
0.115 0.00385514 0
0.116 0.00392579 0
0.117 0.00399717 0
0.118 0.00406929 0
0.119 0.00414215 0
0.12 0.00421575 0
0.121 0.0042901 0
0.122 0.00436521 0
0.123 0.00444107 0
0.124 0.0045177 0
0.125 0.00459508 0
0.126 0.00467324 0
0.127 0.00475217 0
0.128 0.00483188 0
0.129 0.00491236 0
0.13 0.00499364 0
0.131 0.0050757 0
0.132 0.00515855 0
0.133 0.00524221 0
0.134 0.00532667 0
0.135 0.00541193 0
0.136 0.00549801 0
0.137 0.0055849 0
0.138 0.00567262 0
0.139 0.00576116 0
0.14 0.00585054 0
0.141 0.00594075 0
0.142 0.0060318 0
0.143 0.0061237 0
0.144 0.00621645 0
0.145 0.00631006 0
0.146 0.00640453 0
0.147 0.00649987 0
0.148 0.00659609 0
0.149 0.00669318 0
0.15 0.00679116 0
0.151 0.00689003 0
0.152 0.0069898 0
0.153 0.00709047 0
0.154 0.00719205 0
0.155 0.00729454 0
0.156 0.00739796 0
0.157 0.00750231 0
0.158 0.00760759 0
0.159 0.00771381 0
0.16 0.00782098 0
0.161 0.0079291 0
0.162 0.00803818 0
0.163 0.00814824 0
0.164 0.00825927 0
0.165 0.00837128 0
0.166 0.00848428 0
0.167 0.00859828 0
0.168 0.00871329 0
0.169 0.00882931 0
0.17 0.00894635 0
0.171 0.00906442 0
0.172 0.00918353 0
0.173 0.00930368 0
0.174 0.00942489 0
0.175 0.00954716 0
0.176 0.00967051 0
0.177 0.00979493 0
0.178 0.00992044 0
0.179 0.0100471 0
0.18 0.0101748 0
0.181 0.0103036 0
0.182 0.0104336 0
0.183 0.0105647 0
0.184 0.0106969 0
0.185 0.0108303 0
0.186 0.0109649 0
0.187 0.0111007 0
0.188 0.0112376 0
0.189 0.0113758 0
0.19 0.0115151 0
0.191 0.0116557 0
0.192 0.0117975 0
0.193 0.0119406 0
0.194 0.0120849 0
0.195 0.0122305 0
0.196 0.0123774 0
0.197 0.0125256 0
0.198 0.0126751 0
0.199 0.0128259 0
0.2 0.0129781 0
0.201 0.0131316 0
0.202 0.0132865 0
0.203 0.0134427 0
0.204 0.0136004 0
0.205 0.0137595 0
0.206 0.01392 0
0.207 0.0140819 0
0.208 0.0142454 0
0.209 0.0144103 0
0.21 0.0145767 0
0.211 0.0147446 0
0.212 0.014914 0
0.213 0.015085 0
0.214 0.0152576 0
0.215 0.0154318 0
0.216 0.0156076 0
0.217 0.015785 0
0.218 0.0159641 0
0.219 0.0161448 0
0.22 0.0163273 0
0.221 0.0165115 0
0.222 0.0166974 0
0.223 0.0168852 0
0.224 0.0170747 0
0.225 0.017266 0
0.226 0.0174592 0
0.227 0.0176543 0
0.228 0.0178514 0
0.229 0.0180503 0
0.23 0.0182513 0
0.231 0.0184542 0
0.232 0.0186592 0
0.233 0.0188663 0
0.234 0.0190755 0
0.235 0.0192869 0
0.236 0.0195004 0
0.237 0.0197162 0
0.238 0.0199343 0
0.239 0.0201547 0
0.24 0.0203775 0
0.241 0.0206027 0
0.242 0.0208305 0
0.243 0.0210607 0
0.244 0.0212935 0
0.245 0.021529 0
0.246 0.0217672 0
0.247 0.0220083 0
0.248 0.0222521 0
0.249 0.0224989 0
0.25 0.0227488 0
0.251 0.0230017 0
0.252 0.0232579 0
0.253 0.0235174 0
0.254 0.0237802 0
0.255 0.0240467 0
0.256 0.0243167 0
0.257 0.0245906 0
0.258 0.0248685 0
0.259 0.0251505 0
0.26 0.0254367 0
0.261 0.0257275 0
0.262 0.0260231 0
0.263 0.0263236 0
0.264 0.0266295 0
0.265 0.026941 0
0.266 0.0272585 0
0.267 0.0275826 0
0.268 0.0279136 0
0.269 0.0282524 0
0.27 0.0285997 0
0.271 0.0289565 0
0.272 0.0293242 0
0.273 0.0297046 0
0.274 0.0301001 0
0.275 0.0305146 0
0.276 0.0309543 0
0.277 0.0314311 0
0.278 0.0319738 0
0.279 0.0326995 0
0.279278 0.033006 0.000231333
0.279547 0.033085 0.000419421
0.279815 0.0331517 0.000540221
0.279971 0.0332036 0.000601249
0.28024 0.0332845 0.000694365
0.280509 0.0333652 0.000777755
0.280665 0.0334127 0.000822983
0.280933 0.0334944 0.000896268
0.281202 0.033576 0.00096506
0.281358 0.0336237 0.00100341
0.281627 0.0337058 0.00106685
0.281895 0.0337879 0.00112767
0.282051 0.0338358 0.00116203
0.28232 0.0339182 0.0012195
0.282589 0.0340006 0.00127523
0.282745 0.0340487 0.00130696
0.283013 0.0341314 0.0013604
0.283282 0.0342143 0.00141261
0.283438 0.0342625 0.00144249
0.283707 0.0343456 0.00149303
0.283975 0.0344288 0.00154266
0.284131 0.0344772 0.00157117
0.2844 0.0345606 0.00161955
0.284669 0.0346441 0.00166723
0.284825 0.0346927 0.00169469
0.285093 0.0347764 0.00174141
0.285362 0.0348603 0.00178758
0.285518 0.0349091 0.00181423
0.285787 0.0349931 0.00185964
0.286055 0.0350772 0.00190463
0.286211 0.0351263 0.00193063
0.28648 0.0352106 0.00197502
0.286749 0.0352951 0.00201907
0.286905 0.0353443 0.00204456
0.287173 0.0354289 0.00208812
0.287442 0.0355137 0.00213142
0.287598 0.0355631 0.0021565
0.287867 0.0356481 0.00219941
0.288135 0.0357332 0.0022421
0.288291 0.0357828 0.00226685
0.28856 0.0358681 0.00230924
0.288829 0.0359535 0.00235145
0.288985 0.0360032 0.00237594
0.289253 0.0360889 0.00241791
0.289522 0.0361746 0.00245975
0.289678 0.0362245 0.00248404
0.289947 0.0363105 0.00252568
0.290215 0.0363965 0.00256722
0.290371 0.0364466 0.00259136
0.29064 0.0365329 0.00263275
0.290909 0.0366192 0.00267407
0.291065 0.0366696 0.00269809
0.291333 0.0367561 0.0027393
0.291602 0.0368428 0.00278046
0.291758 0.0368933 0.00280439
0.292027 0.0369802 0.00284548
0.292295 0.0370672 0.00288653
0.292451 0.0371178 0.0029104
0.29272 0.037205 0.00295141
0.292989 0.0372923 0.0029924
0.293145 0.0373432 0.00301625
0.293413 0.0374307 0.00305722
0.293682 0.0375183 0.00309819
0.293838 0.0375694 0.00312203
0.294107 0.0376572 0.00316301
0.294375 0.0377451 0.00320399
0.294531 0.0377963 0.00322785
0.2948 0.0378844 0.00326886
0.295069 0.0379727 0.00330989
0.295225 0.0380241 0.00333378
0.295493 0.0381125 0.00337486
0.295762 0.0382011 0.00341596
0.295918 0.0382527 0.0034399
0.296187 0.0383414 0.00348107
0.296455 0.0384303 0.00352228
0.296611 0.038482 0.00354629
0.29688 0.0385711 0.00358757
0.297149 0.0386603 0.00362891
0.297305 0.0387122 0.00365299
0.297573 0.0388016 0.00369441
0.297842 0.0388911 0.00373589
0.297998 0.0389432 0.00376007
0.298267 0.0390329 0.00380165
0.298535 0.0391227 0.0038433
0.298691 0.039175 0.00386757
0.29896 0.039265 0.00390933
0.299229 0.0393551 0.00395117
0.299385 0.0394076 0.00397555
0.299653 0.0394979 0.00401751
0.299922 0.0395884 0.00405957
0.301047 0.0399678 0.00423649
0.304643 0.041197 0.00481395
0.308239 0.042446 0.00541183
0.310332 0.0431827 0.00577063
0.313929 0.0444646 0.00640751
0.317525 0.0457655 0.00707205
0.319618 0.0465318 0.00747245
0.323214 0.0478633 0.00818509
0.326811 0.0492127 0.00893026
0.328904 0.0500063 0.00937965
0.3325 0.0513836 0.0101798
0.336096 0.0527769 0.0110163
0.338189 0.0535953 0.0115206
0.341786 0.0550134 0.0124179
0.345382 0.0564453 0.013355
0.347475 0.057285 0.0139193
0.351071 0.0587379 0.0149222
0.354668 0.0602021 0.0159679
0.356761 0.0610594 0.0165968
0.360357 0.0625402 0.0177128
0.363953 0.0640294 0.0188743
0.366047 0.0648999 0.0195718
0.369643 0.0664008 0.0208075
0.373239 0.0679068 0.0220911
0.375332 0.0687855 0.0228605
0.378929 0.0702978 0.0242216
0.382525 0.0718117 0.0256324
0.384618 0.0726932 0.0264768
0.388214 0.0742075 0.0279678
0.391811 0.0757196 0.02951
0.393904 0.0765983 0.0304314
0.3975 0.0781046 0.0320557
0.401096 0.0796048 0.0337322
0.403189 0.0804747 0.0347321
0.406786 0.0819626 0.0364918
0.410382 0.0834404 0.0383043
0.412475 0.0842954 0.0393834
0.416071 0.0857543 0.0412794
0.419668 0.0871992 0.043228
0.421761 0.0880331 0.0443863
0.425357 0.0894527 0.046418
0.428953 0.0908543 0.0485018
0.431047 0.0916611 0.0497384
0.434643 0.0930311 0.0519039
0.438239 0.0943793 0.0541206
0.440332 0.0951533 0.055434
0.443929 0.0964641 0.0577303
0.447525 0.0977495 0.0600763
0.449618 0.0984854 0.0614641
0.453214 0.099728 0.0638871
0.456811 0.100942 0.0663578
0.458904 0.101635 0.0678173
0.4625 0.102802 0.0703617
0.466096 0.103937 0.0729516
0.468189 0.104583 0.0744795
0.471786 0.105666 0.0771394
0.475382 0.106716 0.0798425
0.477475 0.107311 0.081435
0.481071 0.108306 0.0842041
0.484668 0.109266 0.0870137
0.486761 0.109808 0.0886671
0.490357 0.11071 0.0915386
0.493953 0.111575 0.094448
0.496047 0.112061 0.0961582
0.499643 0.112867 0.0991254
0.503239 0.113636 0.102128
0.505332 0.114066 0.103891
0.508929 0.114774 0.106948
0.512525 0.115445 0.110037
0.514618 0.115817 0.11185
0.518214 0.116428 0.114989
0.521811 0.117 0.118159
0.523904 0.117316 0.120018
0.5275 0.117829 0.123235
0.531096 0.118304 0.126481
0.533189 0.118564 0.128383
0.536786 0.118981 0.131674
0.540382 0.119361 0.134992
0.542475 0.119566 0.136935
0.546071 0.119889 0.140295
0.549668 0.120177 0.143681
0.551761 0.120328 0.145664
0.555357 0.120561 0.149091
0.558953 0.12076 0.152543
0.561047 0.12086 0.154565
0.564643 0.121006 0.158058
0.568239 0.12112 0.161576
0.570332 0.121171 0.163636
0.573929 0.121235 0.167195
0.577525 0.121267 0.170779
0.579618 0.121272 0.172878
0.583214 0.121256 0.176504
0.586811 0.121211 0.180157
0.588904 0.121172 0.182296
0.5925 0.121082 0.185993
0.596096 0.120964 0.189717
0.598189 0.120883 0.191898
0.601786 0.120722 0.195669
0.605382 0.120535 0.19947
0.607475 0.120414 0.201697
0.611071 0.120186 0.205547
0.614668 0.119933 0.20943
0.616761 0.119775 0.211706
0.620357 0.119484 0.215643
0.623953 0.119169 0.219616
0.626047 0.118975 0.221946
0.629643 0.118623 0.225978
0.633239 0.118248 0.23005
0.635332 0.11802 0.232439
0.638929 0.117609 0.236576
0.642525 0.117177 0.240757
0.644618 0.116915 0.243211
0.648214 0.116448 0.247465
0.651811 0.115959 0.251767
0.653904 0.115665 0.254294
0.6575 0.115142 0.258677
0.661096 0.114597 0.263114
0.663189 0.114271 0.265722
0.666786 0.113692 0.270249
0.670382 0.113091 0.274835
0.672475 0.112732 0.277534
0.676071 0.112096 0.282221
0.679668 0.111438 0.286974
0.681761 0.111044 0.289773
0.685357 0.11035 0.294639
0.688953 0.109632 0.299578
0.691047 0.109203 0.302489
0.694643 0.108446 0.307554
0.698239 0.107664 0.3127
0.700332 0.107197 0.315737
0.703929 0.106374 0.321023
0.707525 0.105523 0.3264
0.709618 0.105015 0.329576
0.713214 0.104118 0.335109
0.716811 0.103191 0.340745
0.718904 0.102638 0.344076
0.7225 0.10166 0.349885
0.726096 0.100648 0.355808
0.728189 0.100044 0.359313
0.731786 0.0989745 0.365429
0.735382 0.0978667 0.371674
0.737475 0.097204 0.375372
0.741071 0.0960309 0.381832
0.744668 0.0948132 0.388436
0.746761 0.0940838 0.39235
0.750357 0.0927908 0.399195
0.753953 0.0914462 0.4062
0.756047 0.0906395 0.410357
0.759643 0.0892071 0.417633
0.763239 0.0877143 0.425088
0.765332 0.0868171 0.429517
0.768929 0.0852213 0.437276
0.772525 0.0835544 0.445237
0.774618 0.0825506 0.449972
0.778214 0.0807617 0.458274
0.781811 0.0788885 0.466804
0.783904 0.0777581 0.471884
0.7875 0.0757396 0.480799
0.791096 0.0736203 0.489972
0.793189 0.0723386 0.495441
0.796786 0.0700449 0.50505
0.800382 0.06763 0.514951
0.802475 0.0661661 0.520861
0.806071 0.0635404 0.531257
0.809668 0.0607678 0.541986
0.811761 0.0590829 0.548398
0.815357 0.0560538 0.559692
0.818953 0.0528451 0.571364
0.821047 0.0508901 0.578351
0.824643 0.0473667 0.59067
0.828239 0.0436223 0.603425
0.830332 0.0413345 0.61107
0.833929 0.0372006 0.624569
0.837525 0.0327918 0.638571
0.839618 0.0300904 0.646977
0.843214 0.0251951 0.661838
0.846811 0.0199549 0.677282
0.848904 0.0167339 0.686569
0.8525 0.0108795 0.703014
0.856096 0.00458723 0.720137
0.858189 0.0007065 0.730454
0.861786 -0.00637041 0.748745
0.865382 -0.0140101 0.767835
0.867475 -0.0187392 0.779356
0.871071 -0.0273946 0.79982
0.874668 -0.0367835 0.821223
0.876761 -0.0426195 0.83417
0.880357 -0.0533431 0.857196
0.883953 -0.0650389 0.881342
0.886047 -0.0723415 0.895971
0.889643 -0.0858215 0.922044
0.893239 -0.100613 0.949444
0.895332 -0.109897 0.966086
0.898929 -0.12712 0.995778
0.902525 -0.146152 1.02706
0.904618 -0.158164 1.04608
0.908214 -0.180586 1.08009
0.911811 -0.205558 1.11597
0.913904 -0.221427 1.13782
0.9175 -0.251246 1.17689
0.921096 -0.284772 1.21817
0.923189 -0.306221 1.24323
0.926786 -0.346883 1.28813
0.930382 -0.393068 1.33538
0.932475 -0.422888 1.36402
0.936071 -0.479909 1.41496
0.939668 -0.545525 1.46823
0.941761 -0.588111 1.49966
0.945357 -0.670791 1.55565
0.948953 -0.766892 1.61189
0.950084 -0.800366 1.62957
0.950372 -0.809159 1.63404
0.95066 -0.818067 1.6385
0.950828 -0.823304 1.64109
0.951116 -0.832394 1.64554
0.951404 -0.841602 1.64998
0.951572 -0.847015 1.65255
0.95186 -0.856411 1.65696
0.952148 -0.865929 1.66136
0.952316 -0.871525 1.66391
0.952604 -0.881239 1.66828
0.952892 -0.891079 1.67263
0.95306 -0.896865 1.67515
0.953348 -0.906909 1.67947
0.953636 -0.917085 1.68376
0.953804 -0.923068 1.68625
0.954092 -0.933455 1.6905
0.95438 -0.943979 1.69473
0.954548 -0.950167 1.69717
0.954836 -0.960911 1.70135
0.955124 -0.971797 1.7055
0.955292 -0.978198 1.70789
0.95558 -0.989312 1.71198
0.955868 -1.00057 1.71603
0.956036 -1.0072 1.71837
0.956324 -1.01869 1.72236
0.956612 -1.03035 1.72631
0.95678 -1.0372 1.72858
0.957068 -1.0491 1.73245
0.957356 -1.06115 1.73627
0.957524 -1.06824 1.73847
0.957812 -1.08056 1.74221
0.9581 -1.09303 1.74589
0.958268 -1.10037 1.74801
0.958556 -1.11311 1.75159
0.958844 -1.12602 1.75512
0.959012 -1.13362 1.75714
0.9593 -1.14681 1.76055
0.959588 -1.16017 1.76389
0.959756 -1.16803 1.7658
0.960044 -1.18168 1.76902
0.960332 -1.19551 1.77216
0.9605 -1.20365 1.77395
0.960788 -1.21777 1.77695
0.961076 -1.23209 1.77986
0.961244 -1.24051 1.78152
0.961532 -1.25513 1.78428
0.96182 -1.26995 1.78693
0.961988 -1.27866 1.78843
0.962276 -1.29379 1.79092
0.962564 -1.30913 1.79329
0.962732 -1.31814 1.79461
0.96302 -1.3338 1.7968
0.963308 -1.34967 1.79885
0.963476 -1.359 1.79999
0.963764 -1.37521 1.80183
0.964052 -1.39162 1.80354
0.96422 -1.40128 1.80446
0.964508 -1.41804 1.80593
0.964796 -1.43502 1.80724
0.964964 -1.44501 1.80793
0.965252 -1.46235 1.80898
0.96554 -1.47991 1.80986
0.965708 -1.49024 1.81028
0.965996 -1.50817 1.81088
0.966284 -1.52633 1.81127
0.966452 -1.53701 1.81141
0.96674 -1.55554 1.81149
0.967028 -1.57431 1.81136
0.967196 -1.58534 1.81118
0.967484 -1.60449 1.8107
0.967772 -1.62388 1.80998
0.96794 -1.63527 1.80945
0.968228 -1.65505 1.80834
0.968516 -1.67507 1.80697
0.968684 -1.68683 1.80606
0.968972 -1.70725 1.80427
0.96926 -1.7279 1.80219
0.969428 -1.74004 1.80085
0.969716 -1.76109 1.7983
0.970004 -1.7824 1.79544
0.970172 -1.79491 1.79363
0.97046 -1.81661 1.79026
0.970748 -1.83855 1.78654
0.970916 -1.85144 1.78421
0.971204 -1.87378 1.77993
0.971492 -1.89637 1.77527
0.97166 -1.90963 1.77238
0.971948 -1.93261 1.7671
0.972236 -1.95583 1.76141
0.972404 -1.96946 1.7579
0.972692 -1.99307 1.75152
0.97298 -2.01691 1.7447
0.973148 -2.0309 1.74051
0.973436 -2.05512 1.73294
0.973724 -2.07956 1.72488
0.973892 -2.09389 1.71995
0.97418 -2.1187 1.71107
0.974468 -2.14371 1.70165
0.974636 -2.15837 1.69592
0.974924 -2.18372 1.68561
0.975212 -2.20928 1.67472
0.97538 -2.22424 1.6681
0.975668 -2.2501 1.65623
0.975956 -2.27613 1.64373
0.976124 -2.29137 1.63614
0.976412 -2.31768 1.62258
0.9767 -2.34414 1.60832
0.976868 -2.3596 1.59968
0.977156 -2.38629 1.58427
0.977444 -2.4131 1.56809
0.977612 -2.42875 1.55832
0.9779 -2.45573 1.54089
0.978188 -2.4828 1.52263
0.978356 -2.49858 1.51161
0.978644 -2.52574 1.49199
0.978932 -2.55295 1.47147
0.9791 -2.56879 1.45909
0.979388 -2.59601 1.43709
0.979676 -2.62322 1.41409
0.979844 -2.63904 1.40025
0.980132 -2.66617 1.37564
0.98042 -2.69322 1.34996
0.980588 -2.70891 1.3345
0.980876 -2.73578 1.30705
0.981164 -2.76247 1.27843
0.981332 -2.77792 1.26121
0.98162 -2.80431 1.23065
0.981908 -2.83042 1.19879
0.982076 -2.84549 1.17964
0.982364 -2.87114 1.14563
0.982652 -2.89641 1.11019
0.98282 -2.91092 1.08887
0.983108 -2.93554 1.05101
0.983396 -2.95964 1.01152
0.983564 -2.97341 0.98774
0.983852 -2.99663 0.945473
0.98414 -3.01917 0.90128
0.984308 -3.03196 0.874623
0.984596 -3.05338 0.827096
0.984884 -3.074 0.777183
0.985052 -3.08523 0.746494
0.98534 -3.1044 0.692571
0.985628 -3.12249 0.63443
0.985796 -3.13138 0.598691
0.986084 -3.14797 0.534857
0.986372 -3.1635 0.462985
0.98654 -3.16155 0.415433
0.986828 -3.19122 0.330593
0.987116 -3.17804 0.168778
0.987218 -3.12025 0.11555
0.98728 -3.08416 0.0989244
0.987342 -3.05294 0.101276
0.987378 -3.04593 0.0986207
0.98744 -3.02825 0.0942797
0.987502 -3.01259 0.0899908
0.987538 -3.0042 0.0874706
0.9876 -2.99068 0.0831366
0.987662 -2.97815 0.0788122
0.987698 -2.97124 0.0763155
0.98776 -2.95996 0.0720134
0.987822 -2.94929 0.0677225
0.987858 -2.94333 0.0652459
0.98792 -2.93349 0.0609854
0.987982 -2.92408 0.0567368
0.988018 -2.91879 0.0542831
0.98808 -2.90998 0.0500659
0.988142 -2.9015 0.0458602
0.988178 -2.89669 0.0434297
0.98824 -2.88867 0.0392542
0.988302 -2.88089 0.0350895
0.988338 -2.87647 0.0326812
0.9884 -2.86906 0.0285449
0.988462 -2.86185 0.0244183
0.988498 -2.85774 0.0220308
0.98856 -2.85083 0.0179306
0.988622 -2.84409 0.013839
0.988658 -2.84023 0.0114705
0.98872 -2.83374 0.00740325
0.988782 -2.82738 0.00334333
0.988818 -2.82374 0.000992183
0.98888 -2.8176 -0.00304542
0.988942 -2.81157 -0.00707687
0.988978 -2.80812 -0.00941248
0.98904 -2.80228 -0.0134236
0.989102 -2.79654 -0.0174298
0.989138 -2.79324 -0.0197516
0.9892 -2.78766 -0.0237394
0.989262 -2.78217 -0.0277233
0.989298 -2.77901 -0.0300331
0.98936 -2.77366 -0.0340006
0.989422 -2.76839 -0.0379654
0.989458 -2.76535 -0.0402649
0.98952 -2.76021 -0.044215
0.989582 -2.75513 -0.0481637
0.989618 -2.7522 -0.0504545
0.98968 -2.74724 -0.0543903
0.989742 -2.74233 -0.0583258
0.989778 -2.7395 -0.0606097
0.98984 -2.7347 -0.064534
0.989902 -2.72995 -0.0684593
0.989938 -2.7272 -0.0707379
0.99 -2.72254 -0.0746537
0.990062 -2.71793 -0.0785717
0.990098 -2.71527 -0.0808467
0.99016 -2.71074 -0.0847569
0.990222 -2.70625 -0.0886705
0.990258 -2.70366 -0.0909436
0.99032 -2.69925 -0.0948511
0.990382 -2.69488 -0.0987633
0.990418 -2.69235 -0.101036
0.99048 -2.68804 -0.104944
0.990542 -2.68378 -0.108858
0.990578 -2.68131 -0.111133
0.99064 -2.6771 -0.115044
0.990702 -2.67292 -0.118963
0.990738 -2.6705 -0.121241
0.9908 -2.66638 -0.125158
0.990862 -2.66229 -0.129085
0.990898 -2.65992 -0.131369
0.99096 -2.65588 -0.135296
0.991022 -2.65187 -0.139234
0.991058 -2.64954 -0.141525
0.99112 -2.64557 -0.145466
0.991182 -2.64163 -0.149419
0.991218 -2.63934 -0.151719
0.99128 -2.63543 -0.155677
0.991342 -2.63155 -0.159648
0.991378 -2.62929 -0.16196
0.99144 -2.62545 -0.165938
0.991502 -2.62162 -0.169933
0.991538 -2.6194 -0.172258
0.9916 -2.6156 -0.176261
0.991662 -2.61182 -0.180282
0.991698 -2.60962 -0.182624
0.99176 -2.60587 -0.186657
0.991822 -2.60214 -0.190709
0.991858 -2.59996 -0.19307
0.99192 -2.59625 -0.197137
0.991982 -2.59255 -0.201226
0.992018 -2.5904 -0.203609
0.99208 -2.58672 -0.207715
0.992142 -2.58305 -0.211846
0.992178 -2.58091 -0.214254
0.99224 -2.57726 -0.218405
0.992302 -2.57361 -0.222584
0.992338 -2.57149 -0.225022
0.9924 -2.56785 -0.229224
0.992462 -2.56422 -0.233458
0.992498 -2.56211 -0.235929
0.99256 -2.55849 -0.24019
0.992622 -2.55487 -0.244486
0.992658 -2.55276 -0.246995
0.99272 -2.54915 -0.251323
0.992782 -2.54553 -0.255691
0.992818 -2.54342 -0.258243
0.99288 -2.53981 -0.262647
0.992942 -2.53619 -0.267097
0.992978 -2.53407 -0.269698
0.99304 -2.53045 -0.274189
0.993102 -2.52682 -0.278733
0.993138 -2.52469 -0.281391
0.9932 -2.52105 -0.285983
0.993262 -2.51739 -0.290635
0.993298 -2.51525 -0.293358
0.99336 -2.51158 -0.298066
0.993422 -2.50789 -0.302843
0.993458 -2.50572 -0.305641
0.99352 -2.50201 -0.310485
0.993582 -2.49827 -0.315408
0.993618 -2.49607 -0.318296
0.99368 -2.4923 -0.323298
0.993742 -2.4885 -0.328395
0.993778 -2.48625 -0.331387
0.99384 -2.4824 -0.336578
0.993902 -2.47852 -0.341883
0.993938 -2.47621 -0.345002
0.994 -2.47226 -0.350421
0.994062 -2.46826 -0.355979
0.994098 -2.46588 -0.359255
0.99416 -2.46179 -0.364955
0.994222 -2.45764 -0.370831
0.994258 -2.45515 -0.374303
0.99432 -2.45089 -0.380362
0.994382 -2.44652 -0.386649
0.994418 -2.44389 -0.390377
0.99448 -2.43937 -0.396908
0.994542 -2.43471 -0.403752
0.994578 -2.43185 -0.407835
0.99464 -2.42696 -0.415026
0.994702 -2.42185 -0.422679
0.994738 -2.41864 -0.427293
0.9948 -2.41315 -0.435493
0.994862 -2.40725 -0.444474
0.994898 -2.40337 -0.450005
0.99496 -2.39673 -0.460028
0.995022 -2.38933 -0.471688
0.995058 -2.38163 -0.4802
0.99512 -2.37454 -0.494315
0.995182 -2.34713 -0.527002
0.995324 -2.30069 -0.498319
0.995748 -2.23548 -0.483181
0.996172 -2.18904 -0.471986
0.99642 -2.16658 -0.465018
0.996844 -2.13304 -0.457778
0.997268 -2.10305 -0.451731
0.997516 -2.08715 -0.448625
0.99794 -2.06137 -0.444513
0.998364 -2.0374 -0.440935
0.998612 -2.02436 -0.439057
0.999036 -2.0028 -0.436554
0.99946 -1.9824 -0.434298
0.999708 -1.97115 -0.433131
1.00013 -1.95242 -0.431567
1.00056 -1.9345 -0.430221
1.0008 -1.92445 -0.429536
1.00123 -1.90773 -0.428537
1.00165 -1.89168 -0.427741
1.0019 -1.88261 -0.427351
1.00232 -1.86747 -0.426809
1.00275 -1.85286 -0.426414
1.003 -1.84458 -0.426238
1.00342 -1.83072 -0.42603
1.00384 -1.81729 -0.425931
1.00409 -1.80966 -0.425914
1.00452 -1.79685 -0.425957
1.00494 -1.78441 -0.426082
1.00519 -1.77732 -0.426187
1.00561 -1.7654 -0.426421
1.00604 -1.75379 -0.42672
1.00628 -1.74717 -0.426919
1.00671 -1.73602 -0.427302
1.00713 -1.72514 -0.427736
1.00738 -1.71892 -0.428008
1.0078 -1.70844 -0.428509
1.00823 -1.69819 -0.42905
1.00848 -1.69232 -0.42938
1.0089 -1.68243 -0.429974
1.00932 -1.67274 -0.4306
1.00957 -1.66719 -0.430977
1.01 -1.65781 -0.431645
1.01042 -1.64862 -0.432339
1.01067 -1.64335 -0.432753
1.01109 -1.63444 -0.433481
1.01152 -1.62569 -0.434229
1.01176 -1.62068 -0.434673
1.01219 -1.61218 -0.435448
1.01261 -1.60384 -0.43624
1.01286 -1.59906 -0.436707
1.01328 -1.59094 -0.437521
1.01371 -1.58297 -0.438348
1.01396 -1.57839 -0.438834
1.01438 -1.57062 -0.439678
1.0148 -1.56298 -0.440533
1.01505 -1.55859 -0.441034
1.01548 -1.55113 -0.441902
1.0159 -1.5438 -0.442778
1.01615 -1.53958 -0.443291
1.01657 -1.53242 -0.444178
1.017 -1.52536 -0.445071
1.01724 -1.5213 -0.445593
1.01767 -1.51441 -0.446494
1.01809 -1.50761 -0.4474
1.01834 -1.5037 -0.447929
1.01876 -1.49706 -0.44884
1.01919 -1.4905 -0.449755
1.01944 -1.48673 -0.450288
1.01986 -1.48031 -0.451207
1.02028 -1.47397 -0.452128
1.02053 -1.47033 -0.452665
1.02096 -1.46412 -0.453588
1.02138 -1.458 -0.454513
1.02163 -1.45447 -0.455052
1.02205 -1.44846 -0.455978
1.02248 -1.44253 -0.456904
1.02272 -1.43911 -0.457443
1.02315 -1.43329 -0.45837
1.02357 -1.42754 -0.459296
1.02382 -1.42422 -0.459835
1.02424 -1.41858 -0.46076
1.02467 -1.413 -0.461685
1.02492 -1.40978 -0.462222
1.02534 -1.4043 -0.463145
1.02576 -1.39888 -0.464067
1.02601 -1.39575 -0.464602
1.02644 -1.39042 -0.465521
1.02686 -1.38515 -0.466439
1.02711 -1.38211 -0.466972
1.02753 -1.37693 -0.467886
1.02796 -1.3718 -0.468798
1.0282 -1.36884 -0.469328
1.02863 -1.36379 -0.470237
1.02905 -1.3588 -0.471143
1.0293 -1.35592 -0.47167
1.02972 -1.351 -0.472572
1.03015 -1.34613 -0.473472
1.0304 -1.34332 -0.473995
1.03082 -1.33853 -0.47489
1.03124 -1.33378 -0.475783
1.03149 -1.33104 -0.476301
1.03192 -1.32637 -0.477189
1.03234 -1.32173 -0.478074
1.03259 -1.31906 -0.478588
1.03301 -1.31449 -0.479468
1.03344 -1.30997 -0.480345
1.03368 -1.30735 -0.480854
1.03411 -1.3029 -0.481726
1.03453 -1.29848 -0.482595
1.03478 -1.29592 -0.483099
1.0352 -1.29156 -0.483963
1.03563 -1.28724 -0.484823
1.03588 -1.28474 -0.485322
1.0363 -1.28048 -0.486177
1.03672 -1.27625 -0.487028
1.03697 -1.27381 -0.487522
1.0374 -1.26964 -0.488368
1.03782 -1.2655 -0.48921
1.03807 -1.26311 -0.489699
1.03849 -1.25903 -0.490535
1.03892 -1.25498 -0.491369
1.03916 -1.25263 -0.491852
1.03959 -1.24864 -0.492679
1.04001 -1.24467 -0.493503
1.04026 -1.24237 -0.493981
1.04068 -1.23845 -0.4948
1.04111 -1.23457 -0.495614
1.04136 -1.23232 -0.496087
1.04178 -1.22847 -0.496896
1.0422 -1.22466 -0.497701
1.04245 -1.22246 -0.498168
1.04288 -1.21869 -0.498968
1.0433 -1.21495 -0.499764
1.04355 -1.21278 -0.500226
1.04397 -1.20909 -0.501016
1.0444 -1.20542 -0.501803
1.04464 -1.20329 -0.502259
1.04507 -1.19967 -0.50304
1.04549 -1.19606 -0.503817
1.04574 -1.19398 -0.504268
1.04616 -1.19042 -0.50504
1.04659 -1.18688 -0.505808
1.04684 -1.18483 -0.506254
1.04726 -1.18133 -0.507016
1.04768 -1.17786 -0.507775
1.04793 -1.17585 -0.508215
1.04836 -1.17241 -0.508968
1.04878 -1.169 -0.509719
1.04903 -1.16702 -0.510149
1.04945 -1.16364 -0.510896
1.04988 -1.1603 -0.511622
1.05107 -1.15095 -0.513717
1.05475 -1.12326 -0.519895
1.05843 -1.09698 -0.52586
1.06057 -1.08227 -0.529208
1.06425 -1.05797 -0.534785
1.06793 -1.03476 -0.540163
1.07007 -1.0217 -0.543193
1.07375 -1.00003 -0.548243
1.07743 -0.979216 -0.553123
1.07957 -0.967467 -0.55588
1.08325 -0.947887 -0.560485
1.08693 -0.929005 -0.564947
1.08907 -0.918312 -0.567475
1.09275 -0.900433 -0.571709
1.09643 -0.883126 -0.575823
1.09857 -0.873298 -0.57816
1.10225 -0.85682 -0.582086
1.10593 -0.840816 -0.585911
1.10807 -0.831704 -0.588091
1.11175 -0.816389 -0.591761
1.11543 -0.801469 -0.595349
1.11757 -0.792956 -0.597398
1.12125 -0.778611 -0.600856
1.12493 -0.764598 -0.604246
1.12707 -0.756584 -0.606187
1.13075 -0.743052 -0.609469
1.13443 -0.729796 -0.612693
1.13657 -0.7222 -0.614543
1.14025 -0.709345 -0.617676
1.14393 -0.696721 -0.62076
1.14607 -0.689471 -0.622532
1.14975 -0.677178 -0.625538
1.15343 -0.665075 -0.6285
1.15557 -0.658111 -0.630202
1.15925 -0.646279 -0.633094
1.16293 -0.6346 -0.635945
1.16507 -0.627868 -0.637585
1.16875 -0.616407 -0.640371
1.17243 -0.605067 -0.643117
1.17457 -0.598519 -0.644696
1.17825 -0.587349 -0.647378
1.18193 -0.576273 -0.65002
1.18407 -0.569864 -0.651538
1.18775 -0.558915 -0.654114
1.19143 -0.548033 -0.656648
1.19357 -0.541727 -0.658103
1.19725 -0.530935 -0.66057
1.20093 -0.520188 -0.662997
1.20307 -0.513946 -0.664406
1.20675 -0.503217 -0.666775
1.21043 -0.492486 -0.669096
1.21257 -0.486232 -0.670404
1.21625 -0.475479 -0.672609
1.21993 -0.464704 -0.674725
1.22207 -0.458423 -0.675913
1.22575 -0.447609 -0.677876
1.22943 -0.436765 -0.679733
1.23157 -0.430438 -0.680756
1.23525 -0.41954 -0.682423
1.23893 -0.408605 -0.683959
1.24107 -0.402223 -0.684784
1.24475 -0.391227 -0.686092
1.24843 -0.38019 -0.687242
1.25057 -0.373749 -0.687833
1.25425 -0.362648 -0.688714
1.25793 -0.351508 -0.689414
1.26007 -0.345007 -0.689723
1.26375 -0.333808 -0.690108
1.26743 -0.322576 -0.690271
1.26957 -0.316025 -0.690267
1.27325 -0.304749 -0.690061
1.27693 -0.293449 -0.689619
1.27907 -0.286876 -0.689203
1.28275 -0.27555 -0.688342
1.28643 -0.26426 -0.687115
1.28857 -0.257588 -0.686425
1.29225 -0.246381 -0.684599
1.29593 -0.234855 -0.682925
1.29807 -0.229156 -0.680344
1.30175 -0.216982 -0.67896
1.30543 -0.205961 -0.672828
1.30757 -0.201807 -0.672972
1.31125 -0.191091 -0.669477
1.31493 -0.181115 -0.665707
1.31707 -0.17548 -0.663463
1.32075 -0.166051 -0.659418
1.32443 -0.15691 -0.655269
1.32657 -0.15172 -0.652781
1.33025 -0.143012 -0.648458
1.33393 -0.134564 -0.64403
1.33607 -0.12976 -0.641435
1.33975 -0.121704 -0.636891
1.34343 -0.113881 -0.632299
1.34557 -0.109435 -0.629595
1.34925 -0.101972 -0.624927
1.35293 -0.0947261 -0.620215
1.35507 -0.0906052 -0.617465
1.35875 -0.0836897 -0.612706
1.36243 -0.076973 -0.607931
1.36457 -0.0731538 -0.605142
1.36825 -0.0667413 -0.600344
1.37193 -0.0605133 -0.595536
1.37407 -0.0569706 -0.592738
1.37775 -0.051023 -0.587925
1.38143 -0.045245 -0.583116
1.38357 -0.0419584 -0.580319
1.38725 -0.0364391 -0.575519
1.39093 -0.0310768 -0.570728
1.39307 -0.0280261 -0.567947
1.39675 -0.0229028 -0.563177
1.40043 -0.0179243 -0.558424
1.40257 -0.0150919 -0.555666
1.40625 -0.0103343 -0.550941
1.40993 -0.00571086 -0.546238
1.41207 -0.0030801 -0.543512
1.41575 0.001339 -0.538845
1.41943 0.00563404 -0.534203
1.42157 0.00807805 -0.531513
1.42525 0.0121838 -0.526913
1.42893 0.0161746 -0.52234
1.43107 0.0184457 -0.519692
1.43475 0.0222611 -0.515165
1.43843 0.0259698 -0.510667
1.44057 0.0280804 -0.508064
1.44425 0.0316265 -0.503615
1.44793 0.0350735 -0.499198
1.45007 0.0370352 -0.496642
1.45375 0.0403311 -0.492276
1.45743 0.0435351 -0.487942
1.45957 0.0453584 -0.485435
1.46325 0.0484219 -0.481154
1.46693 0.0513998 -0.476906
1.46907 0.0530945 -0.47445
1.47275 0.0559417 -0.470255
1.47643 0.0587093 -0.466095
1.47857 0.0602842 -0.46369
1.48225 0.0629301 -0.459584
1.48593 0.0655018 -0.455512
1.48807 0.0669651 -0.453158
1.49175 0.0694234 -0.449141
1.49543 0.0718124 -0.445158
1.49757 0.0731716 -0.442856
1.50125 0.0754548 -0.438927
1.50493 0.0776734 -0.435032
1.50707 0.0789355 -0.432782
1.51075 0.0810553 -0.428942
1.51443 0.0831147 -0.425135
1.51657 0.0842861 -0.422936
1.52025 0.0862533 -0.419183
1.52393 0.0881639 -0.415465
1.52607 0.0892505 -0.413316
1.52975 0.0910748 -0.40965
1.53343 0.0928464 -0.406018
1.53557 0.0938536 -0.403919
1.53925 0.0955444 -0.400339
1.54293 0.0971857 -0.396792
1.54507 0.0981186 -0.394743
1.54875 0.0996843 -0.391248
1.55243 0.101204 -0.387785
1.55457 0.102067 -0.385784
1.55825 0.103515 -0.382372
1.56193 0.10492 -0.378992
1.56407 0.105719 -0.377039
1.56775 0.107057 -0.373709
1.57143 0.108355 -0.370409
1.57357 0.109092 -0.368504
1.57725 0.110327 -0.365253
1.58093 0.111524 -0.362034
1.58307 0.112204 -0.360174
1.58675 0.113343 -0.357002
1.59043 0.114446 -0.35386
1.59257 0.115071 -0.352046
1.59625 0.116119 -0.348951
1.59993 0.117133 -0.345886
1.60207 0.117708 -0.344115
1.60575 0.118671 -0.341096
1.60943 0.119601 -0.338105
1.61157 0.120129 -0.336378
1.61525 0.121011 -0.333432
1.61893 0.121863 -0.330514
1.62107 0.122346 -0.328829
1.62475 0.123153 -0.325955
1.62843 0.123932 -0.323109
1.63057 0.124372 -0.321465
1.63425 0.125108 -0.318662
1.63793 0.125818 -0.315885
1.64007 0.126219 -0.314281
1.64375 0.126888 -0.311547
1.64743 0.127533 -0.308838
1.64957 0.127896 -0.307274
1.65325 0.128503 -0.304607
1.65693 0.129086 -0.301965
1.65907 0.129415 -0.300439
1.66275 0.129962 -0.297837
1.66643 0.130488 -0.29526
1.66857 0.130783 -0.293771
1.67225 0.131275 -0.291233
1.67593 0.131746 -0.288719
1.67807 0.132011 -0.287268
1.68175 0.13245 -0.284792
1.68543 0.13287 -0.28234
1.68757 0.133106 -0.280924
1.69125 0.133496 -0.278509
1.69493 0.133868 -0.276117
1.69707 0.134076 -0.274736
1.70075 0.13442 -0.27238
1.70443 0.134746 -0.270047
1.70657 0.134928 -0.2687
1.71025 0.135228 -0.266402
1.71393 0.135512 -0.264126
1.71607 0.13567 -0.262812
1.71975 0.135929 -0.260571
1.72343 0.136172 -0.258351
1.72557 0.136307 -0.257069
1.72925 0.136527 -0.254882
1.73293 0.136733 -0.252717
1.73507 0.136846 -0.251466
1.73875 0.13703 -0.249333
1.74243 0.1372 -0.247221
1.74457 0.137293 -0.246001
1.74825 0.137443 -0.243921
1.75193 0.137579 -0.24186
1.75407 0.137653 -0.24067
1.75775 0.13777 -0.23864
1.76143 0.137875 -0.23663
1.76357 0.137931 -0.235469
1.76725 0.138018 -0.233489
1.77093 0.138093 -0.231528
1.77307 0.138132 -0.230395
1.77675 0.13819 -0.228463
1.78043 0.138237 -0.22655
1.78257 0.13826 -0.225445
1.78625 0.138291 -0.22356
1.78993 0.138312 -0.221694
1.79207 0.13832 -0.220615
1.79575 0.138326 -0.218777
1.79943 0.138323 -0.216956
1.80157 0.138316 -0.215904
1.80525 0.138299 -0.21411
1.80893 0.138272 -0.212333
1.81107 0.138252 -0.211306
1.81475 0.138212 -0.209556
1.81843 0.138164 -0.207822
1.82057 0.138132 -0.206821
1.82425 0.138071 -0.205113
1.82793 0.138002 -0.203421
1.83007 0.137958 -0.202444
1.83375 0.137877 -0.200777
1.83743 0.137789 -0.199126
1.83957 0.137734 -0.198172
1.84325 0.137635 -0.196546
1.84693 0.137529 -0.194935
1.84907 0.137464 -0.194005
1.85275 0.137347 -0.192417
1.85643 0.137224 -0.190845
1.85857 0.13715 -0.189937
1.86225 0.137017 -0.188388
1.86593 0.136878 -0.186854
1.86807 0.136794 -0.185968
1.87175 0.136646 -0.184456
1.87543 0.136493 -0.182959
1.87757 0.136401 -0.182094
1.88125 0.136238 -0.180618
1.88493 0.136071 -0.179157
1.88707 0.135971 -0.178312
1.89075 0.135795 -0.176872
1.89443 0.135615 -0.175446
1.89657 0.135507 -0.174622
1.90025 0.135319 -0.173216
1.90393 0.135126 -0.171824
1.90607 0.135012 -0.171019
1.90975 0.134813 -0.169647
1.91343 0.134609 -0.168288
1.91557 0.134488 -0.167503
1.91925 0.134278 -0.166163
1.92293 0.134063 -0.164836
1.92507 0.133936 -0.16407
1.92875 0.133716 -0.162762
1.93243 0.133491 -0.161467
1.93457 0.133359 -0.160718
1.93825 0.133129 -0.159442
1.94193 0.132896 -0.158177
1.94407 0.132759 -0.157446
1.94775 0.13252 -0.1562
1.95143 0.132278 -0.154965
1.95357 0.132136 -0.154252
1.95725 0.131889 -0.153035
1.96093 0.131639 -0.151829
1.96307 0.131493 -0.151133
1.96675 0.131238 -0.149944
1.97043 0.130981 -0.148767
1.97257 0.130831 -0.148087
1.97625 0.130569 -0.146926
1.97993 0.130306 -0.145777
1.98207 0.130151 -0.145113
1.98575 0.129884 -0.143979
1.98943 0.129614 -0.142857
1.99157 0.129456 -0.142208
1.99525 0.129182 -0.141101
1.99893 0.128907 -0.140005
2.00338 0.12857 -0.138691
2.015 0.12768 -0.135331
2.02662 0.126771 -0.132066
2.03338 0.126235 -0.130208
2.045 0.125302 -0.127088
2.05662 0.124356 -0.124055
2.06338 0.1238 -0.122329
2.075 0.122837 -0.11943
2.08662 0.121864 -0.116612
2.09338 0.121295 -0.115007
2.105 0.120311 -0.112312
2.11662 0.119321 -0.109691
2.12338 0.118743 -0.108199
2.135 0.117746 -0.105691
2.14662 0.116747 -0.103252
2.15338 0.116164 -0.101863
2.165 0.115162 -0.0995287
2.17662 0.114159 -0.0972576
2.18338 0.113575 -0.0959642
2.195 0.112573 -0.0937898
2.20662 0.111572 -0.0916737
2.21338 0.11099 -0.0904685
2.225 0.109993 -0.0884416
2.23662 0.108998 -0.0864688
2.24338 0.10842 -0.0853449
2.255 0.107431 -0.0834544
2.26662 0.106446 -0.0816139
2.27338 0.105875 -0.0805651
2.285 0.104897 -0.0788007
2.29662 0.103925 -0.0770825
2.30338 0.103362 -0.0761032
2.315 0.102398 -0.0744554
2.32662 0.101441 -0.0728503
2.33338 0.100887 -0.0719353
2.345 0.0999395 -0.0703954
2.35662 0.0989989 -0.0688949
2.36338 0.0984547 -0.0680394
2.375 0.0975254 -0.0665994
2.38662 0.0966032 -0.0651959
2.39338 0.0960698 -0.0643955
2.405 0.0951596 -0.0630479
2.41662 0.0942568 -0.0617342
2.42338 0.093735 -0.0609849
2.435 0.0928447 -0.059723
2.44662 0.0919622 -0.0584926
2.45338 0.0914523 -0.0577907
2.465 0.0905827 -0.0566083
2.47662 0.0897211 -0.0554552
2.48338 0.0892234 -0.0547971
2.495 0.0883748 -0.0536886
2.50662 0.0875345 -0.0526071
2.51338 0.0870492 -0.0519899
2.525 0.0862221 -0.0509498
2.53662 0.0854031 -0.0499349
2.54338 0.0849304 -0.0493556
2.555 0.0841247 -0.0483792
2.56662 0.0833273 -0.0474262
2.57338 0.082867 -0.0468821
2.585 0.0820829 -0.0459649
2.59662 0.0813069 -0.0450694
2.60338 0.0808591 -0.044558
2.615 0.0800964 -0.0436959
2.62662 0.0793417 -0.042854
2.63338 0.0789063 -0.0423731
2.645 0.0781647 -0.0415622
2.65662 0.0774311 -0.0407701
2.66338 0.0770079 -0.0403177
2.675 0.0762871 -0.0395545
2.68662 0.0755743 -0.0388089
2.69338 0.0751631 -0.0383829
2.705 0.0744629 -0.0376642
2.71662 0.0737705 -0.0369619
2.72338 0.0733711 -0.0365605
2.735 0.0726911 -0.0358834
2.74662 0.0720187 -0.0352215
2.75338 0.0716309 -0.0348431
2.765 0.0709707 -0.0342046
2.77662 0.0703179 -0.0335804
2.78338 0.0699414 -0.0332236
2.795 0.0693004 -0.0326213
2.80662 0.0686667 -0.0320323
2.81338 0.0683013 -0.0316955
2.825 0.0676792 -0.031127
2.83662 0.0670642 -0.0305709
2.84338 0.0667095 -0.0302529
2.855 0.0661058 -0.0297159
2.86662 0.0655089 -0.0291906
2.87338 0.0651648 -0.0288902
2.885 0.0645789 -0.0283827
2.89662 0.0639997 -0.0278862
2.90338 0.0636658 -0.0276022
2.915 0.0630972 -0.0271224
2.92662 0.0625353 -0.0266529
2.93338 0.0622112 -0.0263842
2.945 0.0616596 -0.0259303
2.95662 0.0611143 -0.025486
2.96338 0.0607999 -0.0252317
2.975 0.0602646 -0.0248021
2.98662 0.0597355 -0.0243815
2.99338 0.0594304 -0.0241407
3.005 0.058911 -0.0237339
3.01662 0.0583976 -0.0233354
3.02338 0.0581016 -0.0231074
3.035 0.0575976 -0.0227218
3.04662 0.0570994 -0.0223442
3.05338 0.0568121 -0.022128
3.065 0.056323 -0.0217625
3.07662 0.0558396 -0.0214045
3.08338 0.0555608 -0.0211995
3.095 0.0550862 -0.0208528
3.10662 0.054617 -0.0205131
3.11338 0.0543464 -0.0203186
3.125 0.0538857 -0.0199896
3.13662 0.0534304 -0.0196672
3.14338 0.0531677 -0.0194825
3.155 0.0527206 -0.0191702
3.16662 0.0522786 -0.018864
3.17338 0.0520237 -0.0186886
3.185 0.0515896 -0.0183919
3.19662 0.0511605 -0.018101
3.20338 0.050913 -0.0179343
3.215 0.0504916 -0.0176524
3.22662 0.050075 -0.0173758
3.23338 0.0498347 -0.0172174
3.245 0.0494256 -0.0169493
3.25662 0.049021 -0.0166863
3.26338 0.0487877 -0.0165356
3.275 0.0483904 -0.0162806
3.28662 0.0479975 -0.0160304
3.29338 0.0477709 -0.015887
3.305 0.0473851 -0.0156443
3.31662 0.0470035 -0.0154062
3.32338 0.0467834 -0.0152696
3.335 0.0464086 -0.0150386
3.34662 0.0460379 -0.0148118
3.35338 0.0458241 -0.0146818
3.365 0.0454599 -0.0144616
3.37662 0.0450998 -0.0142456
3.38338 0.0448921 -0.0141217
3.395 0.0445383 -0.0139119
3.40662 0.0441883 -0.013706
3.41338 0.0439865 -0.0135879
3.425 0.0436426 -0.0133879
3.43662 0.0433025 -0.0131916
3.44338 0.0431063 -0.0130789
3.455 0.0427721 -0.0128882
3.46662 0.0424416 -0.0127009
3.47338 0.0422509 -0.0125935
3.485 0.041926 -0.0124115
3.49662 0.0416046 -0.0122327
3.50338 0.0414192 -0.0121302
3.515 0.0411034 -0.0119564
3.52662 0.0407909 -0.0117858
3.53338 0.0406106 -0.0116878
3.545 0.0403035 -0.0115219
3.55662 0.0399996 -0.011359
3.56338 0.0398242 -0.0112654
3.575 0.0395255 -0.0111069
3.58662 0.03923 -0.0109512
3.59338 0.0390594 -0.0108618
3.605 0.0387688 -0.0107103
3.61662 0.0384813 -0.0105615
3.62338 0.0383154 -0.010476
3.635 0.0380326 -0.0103312
3.64662 0.0377529 -0.0101889
3.65338 0.0375914 -0.0101071
3.665 0.0373163 -0.00996863
3.67662 0.0370441 -0.00983248
3.68338 0.0368869 -0.0097543
3.695 0.0366192 -0.00962177
3.70662 0.0363542 -0.00949147
3.71338 0.0362012 -0.00941665
3.725 0.0359406 -0.0092898
3.73662 0.0356826 -0.00916507
3.74338 0.0355337 -0.00909344
3.755 0.03528 -0.00897198
3.76662 0.0350288 -0.00885253
3.77338 0.0348838 -0.00878393
3.785 0.0346367 -0.00866759
3.79662 0.0343921 -0.00855316
3.80338 0.0342509 -0.00848743
3.815 0.0340102 -0.00837595
3.82662 0.033772 -0.0082663
3.83338 0.0336345 -0.0082033
3.845 0.0334 -0.00809645
3.85662 0.0331679 -0.00799133
3.86338 0.0330339 -0.00793093
3.875 0.0328055 -0.00782847
3.88662 0.0325794 -0.00772766
3.89338 0.0324488 -0.00766974
3.905 0.0322263 -0.00757147
3.91662 0.0320059 -0.00747476
3.92338 0.0318787 -0.00741918
3.935 0.0316618 -0.00732489
3.94662 0.031447 -0.00723209
3.95338 0.0313229 -0.00717876
3.965 0.0311115 -0.00708825
3.97662 0.0309021 -0.00699917
3.98338 0.0307812 -0.00694797
3.995 0.030575 -0.00686108
4.00662 0.0303709 -0.00677553
4.01338 0.030253 -0.00672636
4.025 0.030052 -0.00664291
4.03662 0.0298529 -0.00656074
4.04338 0.0297379 -0.00651351
4.055 0.0295419 -0.00643333
4.06662 0.0293477 -0.00635438
4.07338 0.0292355 -0.00630899
4.085 0.0290443 -0.00623194
4.09662 0.0288549 -0.00615606
4.10338 0.0287455 -0.00611243
4.115 0.0285589 -0.00603836
4.12662 0.0283741 -0.0059654
4.13338 0.0282673 -0.00592345
4.145 0.0280853 -0.00585222
4.15662 0.0279049 -0.00578206
4.16338 0.0278007 -0.00574171
4.175 0.0276231 -0.00567319
4.18662 0.0274471 -0.0056057
4.19338 0.0273454 -0.00556688
4.205 0.0271719 -0.00550096
4.21662 0.0270001 -0.005436
4.22338 0.0269009 -0.00539865
4.235 0.0267315 -0.0053352
4.24662 0.0265638 -0.00527268
4.25338 0.0264669 -0.00523671
4.265 0.0263016 -0.00517563
4.27662 0.0261378 -0.00511544
4.28338 0.0260431 -0.00508081
4.295 0.0258817 -0.00502198
4.30662 0.0257217 -0.00496401
4.31338 0.0256293 -0.00493065
4.325 0.0254716 -0.00487399
4.33662 0.0253153 -0.00481814
4.34338 0.025225 -0.004786
4.355 0.025071 -0.00473141
4.36662 0.0249183 -0.00467759
4.37338 0.0248301 -0.00464662
4.385 0.0246796 -0.004594
4.39662 0.0245304 -0.00454212
4.40338 0.0244442 -0.00451227
4.415 0.0242972 -0.00446154
4.42662 0.0241514 -0.00441152
4.43338 0.0240672 -0.00438274
4.445 0.0239234 -0.00433382
4.45662 0.023781 -0.00428559
4.46338 0.0236986 -0.00425782
4.475 0.0235581 -0.00421064
4.48662 0.0234188 -0.00416411
4.49338 0.0233383 -0.00413733
4.505 0.023201 -0.00409181
4.51662 0.0230648 -0.00404691
4.52338 0.0229861 -0.00402106
4.535 0.0228518 -0.00397713
4.54662 0.0227187 -0.0039338
4.55338 0.0226417 -0.00390886
4.565 0.0225104 -0.00386645
4.57662 0.0223801 -0.00382462
4.58338 0.0223049 -0.00380054
4.595 0.0221764 -0.0037596
4.60662 0.022049 -0.0037192
4.61338 0.0219754 -0.00369595
4.625 0.0218497 -0.00365641
4.63662 0.0217251 -0.0036174
4.64338 0.0216531 -0.00359493
4.655 0.0215302 -0.00355674
4.66662 0.0214083 -0.00351905
4.67338 0.0213378 -0.00349734
4.685 0.0212175 -0.00346044
4.69662 0.0210982 -0.00342402
4.70338 0.0210292 -0.00340305
4.715 0.0209115 -0.00336738
4.72662 0.0207947 -0.00333218
4.73338 0.0207272 -0.00331191
4.745 0.020612 -0.00327744
4.75662 0.0204977 -0.00324341
4.76338 0.0204316 -0.00322381
4.775 0.0203189 -0.00319047
4.78662 0.020207 -0.00315757
4.79338 0.0201423 -0.00313862
4.805 0.0200319 -0.00310638
4.81662 0.0199223 -0.00307456
4.82338 0.019859 -0.00305622
4.835 0.0197508 -0.00302504
4.84662 0.0196436 -0.00299425
4.85338 0.0195816 -0.00297652
4.865 0.0194757 -0.00294635
4.87662 0.0193706 -0.00291656
4.88338 0.0193099 -0.0028994
4.895 0.0192061 -0.0028702
4.90662 0.0191033 -0.00284137
4.91338 0.0190438 -0.00282476
4.925 0.0189422 -0.0027965
4.93662 0.0188414 -0.0027686
4.94338 0.0187831 -0.00275251
4.955 0.0186835 -0.00272516
4.96662 0.0185848 -0.00269814
4.97338 0.0185277 -0.00268256
4.985 0.0184301 -0.00265607
4.99662 0.0183334 -0.00262991
5.01127 0.0182124 -0.00259737
5.05 0.0178984 -0.00251376
5.08873 0.0175924 -0.00243348
5.11127 0.0174179 -0.00238824
5.15 0.017124 -0.00231294
5.18873 0.0168375 -0.00224058
5.21127 0.016674 -0.00219977
5.25 0.0163986 -0.0021318
5.28873 0.01613 -0.00206644
5.31127 0.0159766 -0.00202956
5.35 0.0157183 -0.00196809
5.38873 0.0154661 -0.00190893
5.41127 0.0153221 -0.00187552
5.45 0.0150793 -0.00181981
5.48873 0.0148422 -0.00176616
5.51127 0.0147068 -0.00173585
5.55 0.0144785 -0.00168527
5.58873 0.0142554 -0.00163652
5.61127 0.0141279 -0.00160897
5.65 0.0139129 -0.00156296
5.68873 0.0137027 -0.00151859
5.71127 0.0135826 -0.00149349
5.75 0.0133798 -0.00145156
5.78873 0.0131816 -0.0014111
5.81127 0.0130682 -0.00138821
5.85 0.0128768 -0.00134994
5.88873 0.0126896 -0.00131298
5.91127 0.0125826 -0.00129206
5.95 0.0124017 -0.00125707
5.98873 0.0122248 -0.00122326
6.01127 0.0121236 -0.00120411
6.05 0.0119525 -0.00117207
6.08873 0.0117851 -0.0011411
6.11127 0.0116893 -0.00112354
6.15 0.0115273 -0.00109415
6.18873 0.0113688 -0.00106573
6.21127 0.011278 -0.00104961
6.25 0.0111245 -0.00102262
6.28873 0.0109742 -0.000996492
6.31127 0.0108881 -0.000981672
6.35 0.0107425 -0.000956847
6.38873 0.0105999 -0.000932803
6.41127 0.0105182 -0.000919158
6.45 0.01038 -0.000896292
6.48873 0.0102445 -0.000874134
6.51127 0.0101669 -0.000861554
6.55 0.0100355 -0.000840463
6.58873 0.00990674 -0.000820016
6.61127 0.00983293 -0.000808402
6.65 0.00970803 -0.000788925
6.68873 0.0095855 -0.000770032
6.71127 0.00951527 -0.000759297
6.75 0.00939638 -0.000741287
6.78873 0.00927972 -0.000723808
6.81127 0.00921283 -0.000713873
6.85 0.00909958 -0.000697199
6.88873 0.00898841 -0.00068101
6.91127 0.00892466 -0.000671804
6.95 0.00881669 -0.000656349
6.98873 0.00871068 -0.000641336
7.01127 0.00864987 -0.000632797
7.05 0.00854687 -0.000618454
7.08873 0.0084457 -0.000604517
7.11127 0.00838766 -0.000596586
7.15 0.00828932 -0.000583262
7.18873 0.0081927 -0.000570308
7.21127 0.00813726 -0.000562936
7.25 0.0080433 -0.000550544
7.28873 0.00795097 -0.000538492
7.31127 0.00789797 -0.00053163
7.35 0.00780814 -0.000520094
7.38873 0.00771985 -0.000508869
7.41127 0.00766915 -0.000502476
7.45 0.00758321 -0.000491725
7.48873 0.00749872 -0.000481261
7.51127 0.0074502 -0.000475299
7.55 0.00736793 -0.00046527
7.58873 0.00728702 -0.000455504
7.61127 0.00724055 -0.000449939
7.65 0.00716174 -0.000440574
7.68873 0.00708421 -0.000431452
7.71127 0.00703968 -0.000426252
7.75 0.00696414 -0.000417499
7.78873 0.00688982 -0.00040897
7.81127 0.00684711 -0.000404107
7.85 0.00677466 -0.000395919
7.88873 0.00670337 -0.000387938
7.91127 0.00666239 -0.000383386
7.95 0.00659287 -0.000375719
7.98873 0.00652444 -0.000368244
8.01127 0.0064851 -0.000363979
8.05 0.00641835 -0.000356794
8.08873 0.00635262 -0.000349786
8.11127 0.00631484 -0.000345787
8.15 0.00625071 -0.000339049
8.18873 0.00618756 -0.000332474
8.21127 0.00615125 -0.000328721
8.25 0.0060896 -0.000322396
8.28873 0.00602889 -0.000316223
8.31127 0.00599397 -0.000312698
8.35 0.00593469 -0.000306756
8.38873 0.00587629 -0.000300954
8.41127 0.0058427 -0.000297641
8.45 0.00578566 -0.000292055
8.48873 0.00572946 -0.000286599
8.51127 0.00569712 -0.000283483
8.55 0.00564221 -0.000278226
8.58873 0.0055881 -0.000273092
8.61127 0.00555696 -0.000270158
8.65 0.00550408 -0.000265209
8.68873 0.00545195 -0.000260373
8.71127 0.00542195 -0.000257609
8.75 0.00537099 -0.000252946
8.78873 0.00532075 -0.000248388
8.81127 0.00529184 -0.000245782
8.85 0.00524271 -0.000241385
8.88873 0.00519427 -0.000237086
8.91127 0.00516639 -0.000234628
8.95 0.00511902 -0.000230479
8.98873 0.00507229 -0.000226422
9.01127 0.0050454 -0.000224102
9.05 0.00499968 -0.000220184
9.08873 0.0049546 -0.000216352
9.11127 0.00492864 -0.000214161
9.15 0.00488452 -0.000210459
9.18873 0.00484099 -0.000206838
9.21127 0.00481593 -0.000204766
9.25 0.00477332 -0.000201267
9.28873 0.00473129 -0.000197843
9.31127 0.00470708 -0.000195884
9.35 0.00466593 -0.000192573
9.38873 0.00462533 -0.000189333
9.41127 0.00460194 -0.000187479
9.45 0.00456218 -0.000184346
9.48873 0.00452294 -0.000181279
9.51127 0.00450034 -0.000179523
9.55 0.00446191 -0.000176556
9.58873 0.00442399 -0.000173651
9.61127 0.00440215 -0.000171988
9.65 0.00436502 -0.000169177
9.68873 0.00432839 -0.000166424
9.71127 0.00430729 -0.000164849
9.75 0.00427145 -0.000162186
9.78873 0.00423612 -0.00015958
9.81127 0.00421582 -0.000158089
9.85 0.00418148 -0.000155575
9.88873 0.00414863 -0.000153146
11.1575 0.00321599 -9.3359e-05
19.8 0.00098815 -9.13475e-06
87.8425 4.92139e-05 -2.3152e-08
