0 1 0
0.001 1 0
0.002 1 0
0.003 1.00001 0
0.004 1.00001 0
0.005 1.00002 0
0.006 1.00003 0
0.007 1.00004 0
0.008 1.00005 0
0.009 1.00007 0
0.01 1.00009 0
0.011 1.0001 0
0.012 1.00012 0
0.013 1.00015 0
0.014 1.00017 0
0.015 1.00019 0
0.016 1.00022 0
0.017 1.00025 0
0.018 1.00028 0
0.019 1.00031 0
0.02 1.00034 0
0.021 1.00038 0
0.022 1.00042 0
0.023 1.00045 0
0.024 1.00049 0
0.025 1.00054 0
0.026 1.00058 0
0.027 1.00063 0
0.028 1.00067 0
0.029 1.00072 0
0.03 1.00077 0
0.031 1.00083 0
0.032 1.00088 0
0.033 1.00094 0
0.034 1.00099 0
0.035 1.00105 0
0.036 1.00111 0
0.037 1.00118 0
0.038 1.00124 0
0.039 1.00131 0
0.04 1.00138 0
0.041 1.00145 0
0.042 1.00152 0
0.043 1.00159 0
0.044 1.00167 0
0.045 1.00174 0
0.046 1.00182 0
0.047 1.0019 0
0.048 1.00198 0
0.049 1.00207 0
0.05 1.00215 0
0.051 1.00224 0
0.052 1.00233 0
0.053 1.00242 0
0.054 1.00251 0
0.055 1.00261 0
0.056 1.0027 0
0.057 1.0028 0
0.058 1.0029 0
0.059 1.003 0
0.06 1.00311 0
0.061 1.00321 0
0.062 1.00332 0
0.063 1.00343 0
0.064 1.00354 0
0.065 1.00365 0
0.066 1.00376 0
0.067 1.00388 0
0.068 1.004 0
0.069 1.00411 0
0.07 1.00424 0
0.071 1.00436 0
0.072 1.00448 0
0.073 1.00461 0
0.074 1.00474 0
0.075 1.00487 0
0.076 1.005 0
0.077 1.00513 0
0.078 1.00527 0
0.079 1.0054 0
0.08 1.00554 0
0.081 1.00568 0
0.082 1.00583 0
0.083 1.00597 0
0.084 1.00612 0
0.085 1.00627 0
0.086 1.00642 0
0.087 1.00657 0
0.088 1.00672 0
0.089 1.00688 0
0.09 1.00703 0
0.091 1.00719 0
0.092 1.00735 0
0.093 1.00752 0
0.094 1.00768 0
0.095 1.00785 0
0.096 1.00801 0
0.097 1.00818 0
0.098 1.00836 0
0.099 1.00853 0
0.1 1.00871 0
0.101 1.00888 0
0.102 1.00906 0
0.103 1.00924 0
0.104 1.00943 0
0.105 1.00961 0
0.106 1.0098 0
0.107 1.00999 0
0.108 1.01018 0
0.109 1.01037 0
0.11 1.01057 0
0.111 1.01076 0
0.112 1.01096 0
0.113 1.01116 0
0.114 1.01136 0
0.115 1.01157 0
0.116 1.01177 0
0.117 1.01198 0
0.118 1.01219 0
0.119 1.0124 0
0.12 1.01262 0
0.121 1.01283 0
0.122 1.01305 0
0.123 1.01327 0
0.124 1.01349 0
0.125 1.01371 0
0.126 1.01394 0
0.127 1.01417 0
0.128 1.0144 0
0.129 1.01463 0
0.13 1.01486 0
0.131 1.0151 0
0.132 1.01533 0
0.133 1.01557 0
0.134 1.01581 0
0.135 1.01606 0
0.136 1.0163 0
0.137 1.01655 0
0.138 1.0168 0
0.139 1.01705 0
0.14 1.0173 0
0.141 1.01756 0
0.142 1.01782 0
0.143 1.01808 0
0.144 1.01834 0
0.145 1.0186 0
0.146 1.01887 0
0.147 1.01913 0
0.148 1.0194 0
0.149 1.01968 0
0.15 1.01995 0
0.151 1.02023 0
0.152 1.0205 0
0.153 1.02078 0
0.154 1.02107 0
0.155 1.02135 0
0.156 1.02164 0
0.157 1.02193 0
0.158 1.02222 0
0.159 1.02251 0
0.16 1.02281 0
0.161 1.0231 0
0.162 1.0234 0
0.163 1.0237 0
0.164 1.02401 0
0.165 1.02431 0
0.166 1.02462 0
0.167 1.02493 0
0.168 1.02524 0
0.169 1.02556 0
0.17 1.02588 0
0.171 1.0262 0
0.172 1.02652 0
0.173 1.02684 0
0.174 1.02717 0
0.175 1.0275 0
0.176 1.02783 0
0.177 1.02816 0
0.178 1.02849 0
0.179 1.02883 0
0.18 1.02917 0
0.181 1.02951 0
0.182 1.02986 0
0.183 1.0302 0
0.184 1.03055 0
0.185 1.0309 0
0.186 1.03126 0
0.187 1.03161 0
0.188 1.03197 0
0.189 1.03233 0
0.19 1.0327 0
0.191 1.03306 0
0.192 1.03343 0
0.193 1.0338 0
0.194 1.03417 0
0.195 1.03455 0
0.196 1.03493 0
0.197 1.03531 0
0.198 1.03569 0
0.199 1.03608 0
0.2 1.03646 0
0.201 1.03685 0
0.202 1.03725 0
0.203 1.03764 0
0.204 1.03804 0
0.205 1.03844 0
0.206 1.03884 0
0.207 1.03925 0
0.208 1.03966 0
0.209 1.04007 0
0.21 1.04048 0
0.211 1.0409 0
0.212 1.04132 0
0.213 1.04174 0
0.214 1.04217 0
0.215 1.04259 0
0.216 1.04302 0
0.217 1.04346 0
0.218 1.04389 0
0.219 1.04433 0
0.22 1.04477 0
0.221 1.04521 0
0.222 1.04566 0
0.223 1.04611 0
0.224 1.04656 0
0.225 1.04702 0
0.226 1.04748 0
0.227 1.04794 0
0.228 1.0484 0
0.229 1.04887 0
0.23 1.04934 0
0.231 1.04981 0
0.232 1.05029 0
0.233 1.05077 0
0.234 1.05125 0
0.235 1.05174 0
0.236 1.05223 0
0.237 1.05272 0
0.238 1.05322 0
0.239 1.05372 0
0.24 1.05422 0
0.241 1.05472 0
0.242 1.05523 0
0.243 1.05575 0
0.244 1.05626 0
0.245 1.05678 0
0.246 1.0573 0
0.247 1.05783 0
0.248 1.05836 0
0.249 1.0589 0
0.25 1.05943 0
0.251 1.05998 0
0.252 1.06052 0
0.253 1.06107 0
0.254 1.06162 0
0.255 1.06218 0
0.256 1.06274 0
0.257 1.06331 0
0.258 1.06388 0
0.259 1.06446 0
0.26 1.06504 0
0.261 1.06562 0
0.262 1.06621 0
0.263 1.06681 0
0.264 1.06741 0
0.265 1.06801 0
0.266 1.06862 0
0.267 1.06924 0
0.268 1.06987 0
0.269 1.0705 0
0.27 1.07114 0
0.271 1.07178 0
0.272 1.07244 0
0.273 1.0731 0
0.274 1.07378 0
0.275 1.07447 0
0.276 1.07518 0
0.277 1.07591 0
0.278 1.07669 0
0.279 1.07758 0
0.279247 1.07798 9.03636e-05
0.279408 1.0781 0.000190961
0.279569 1.07819 0.000254955
0.279663 1.07825 0.000285979
0.279824 1.07836 0.000332873
0.279985 1.07846 0.000374314
0.280079 1.07852 0.000396633
0.28024 1.07862 0.000432547
0.280401 1.07872 0.000466015
0.280495 1.07878 0.000484583
0.280656 1.07888 0.000515142
0.280817 1.07898 0.000544263
0.280911 1.07904 0.000560648
0.281072 1.07915 0.00058793
0.281233 1.07925 0.00061425
0.281327 1.07931 0.00062918
0.281488 1.07941 0.000654218
0.281649 1.07951 0.000678561
0.281743 1.07957 0.000692445
0.281904 1.07967 0.000715838
0.282065 1.07978 0.000738706
0.282159 1.07984 0.000751797
0.28232 1.07994 0.00077393
0.282481 1.08004 0.000795651
0.282575 1.0801 0.000808121
0.282736 1.08021 0.000829258
0.282897 1.08031 0.000850063
0.282991 1.08037 0.000862031
0.283152 1.08047 0.000882361
0.283313 1.08058 0.000902418
0.283407 1.08064 0.000913976
0.283568 1.08074 0.00093364
0.283729 1.08084 0.000953077
0.283823 1.0809 0.000964292
0.283984 1.08101 0.000983399
0.284145 1.08111 0.00100231
0.284239 1.08117 0.00101324
0.2844 1.08127 0.00103188
0.284561 1.08138 0.00105035
0.284655 1.08144 0.00106103
0.284816 1.08154 0.00107926
0.284977 1.08165 0.00109736
0.285071 1.08171 0.00110783
0.285232 1.08181 0.00112571
0.285393 1.08192 0.00114348
0.285487 1.08198 0.00115377
0.285648 1.08208 0.00117136
0.285809 1.08219 0.00118884
0.285903 1.08225 0.00119897
0.286064 1.08235 0.0012163
0.286225 1.08246 0.00123354
0.286319 1.08252 0.00124353
0.28648 1.08262 0.00126064
0.286641 1.08273 0.00127766
0.286735 1.08279 0.00128753
0.286896 1.08289 0.00130444
0.287057 1.083 0.00132127
0.287151 1.08306 0.00133104
0.287312 1.08317 0.00134778
0.287473 1.08327 0.00136445
0.287567 1.08333 0.00137413
0.287728 1.08344 0.00139071
0.287889 1.08354 0.00140724
0.287983 1.0836 0.00141684
0.288144 1.08371 0.00143329
0.288305 1.08382 0.0014497
0.288399 1.08388 0.00145923
0.28856 1.08398 0.00147556
0.288721 1.08409 0.00149186
0.288815 1.08415 0.00150133
0.288976 1.08426 0.00151757
0.289137 1.08436 0.00153377
0.289231 1.08443 0.00154318
0.289392 1.08453 0.00155934
0.289553 1.08464 0.00157546
0.289647 1.0847 0.00158483
0.289808 1.08481 0.00160091
0.289969 1.08491 0.00161696
0.290063 1.08498 0.00162629
0.290224 1.08508 0.0016423
0.290385 1.08519 0.0016583
0.290479 1.08525 0.0016676
0.29064 1.08536 0.00168356
0.290801 1.08547 0.0016995
0.290895 1.08553 0.00170877
0.291056 1.08564 0.00172469
0.291217 1.08574 0.00174059
0.291311 1.08581 0.00174984
0.291472 1.08591 0.00176573
0.291633 1.08602 0.0017816
0.291727 1.08608 0.00179083
0.291888 1.08619 0.00180668
0.292049 1.0863 0.00182253
0.292143 1.08636 0.00183174
0.292304 1.08647 0.00184757
0.292465 1.08658 0.0018634
0.292559 1.08664 0.00187261
0.29272 1.08675 0.00188843
0.292881 1.08686 0.00190424
0.292975 1.08692 0.00191344
0.293136 1.08703 0.00192925
0.293297 1.08714 0.00194505
0.293391 1.0872 0.00195425
0.293552 1.08731 0.00197006
0.293713 1.08742 0.00198586
0.293807 1.08748 0.00199506
0.293968 1.08759 0.00201086
0.294129 1.0877 0.00202667
0.294223 1.08776 0.00203587
0.294384 1.08787 0.00205169
0.294545 1.08798 0.0020675
0.294639 1.08804 0.00207671
0.2948 1.08815 0.00209253
0.294961 1.08826 0.00210836
0.295055 1.08832 0.00211757
0.295216 1.08843 0.00213341
0.295377 1.08854 0.00214925
0.295471 1.08861 0.00215848
0.295632 1.08872 0.00217434
0.295793 1.08883 0.0021902
0.295887 1.08889 0.00219944
0.296048 1.089 0.00221532
0.296209 1.08911 0.0022312
0.296303 1.08917 0.00224046
0.296464 1.08928 0.00225636
0.296625 1.08939 0.00227228
0.296719 1.08946 0.00228154
0.29688 1.08957 0.00229748
0.297041 1.08968 0.00231342
0.297135 1.08974 0.00232271
0.297296 1.08985 0.00233868
0.297457 1.08996 0.00235465
0.297551 1.09003 0.00236396
0.297712 1.09014 0.00237996
0.297873 1.09025 0.00239598
0.297967 1.09031 0.00240531
0.298128 1.09042 0.00242134
0.298289 1.09053 0.0024374
0.298383 1.0906 0.00244675
0.298544 1.09071 0.00246283
0.298705 1.09082 0.00247892
0.298799 1.09089 0.0024883
0.29896 1.091 0.00250442
0.299121 1.09111 0.00252056
0.299215 1.09117 0.00252996
0.299376 1.09128 0.00254613
0.299537 1.0914 0.00256231
0.299631 1.09146 0.00257174
0.299792 1.09157 0.00258795
0.299953 1.09169 0.00260418
0.300774 1.09226 0.00268731
0.303436 1.09412 0.00296043
0.306098 1.09601 0.00324046
0.307646 1.09712 0.00340702
0.310308 1.09904 0.00369979
0.31297 1.10099 0.00400166
0.314518 1.10213 0.00418177
0.31718 1.10411 0.00449917
0.319842 1.10612 0.00482719
0.32139 1.1073 0.00502315
0.324052 1.10934 0.0053688
0.326714 1.1114 0.0057263
0.328262 1.11261 0.00593992
0.330924 1.11471 0.00631682
0.333586 1.11683 0.00670659
0.335134 1.11807 0.00693946
0.337796 1.12023 0.0073502
0.340458 1.12241 0.00777476
0.342006 1.12369 0.00802828
0.344668 1.1259 0.00847522
0.34733 1.12814 0.00893685
0.348878 1.12945 0.00921231
0.35154 1.13172 0.00969762
0.354202 1.13401 0.0101984
0.35575 1.13536 0.010497
0.358412 1.13768 0.0110226
0.361074 1.14003 0.0115645
0.362622 1.14141 0.0118873
0.365284 1.14379 0.0124551
0.367946 1.14619 0.0130398
0.369494 1.1476 0.0133878
0.372156 1.15004 0.0139994
0.374818 1.1525 0.0146284
0.376366 1.15393 0.0150025
0.379028 1.15642 0.0156593
0.38169 1.15893 0.016334
0.383238 1.1604 0.0167349
0.3859 1.16294 0.0174381
0.388562 1.1655 0.0181597
0.39011 1.167 0.018588
0.392772 1.16959 0.0193387
0.395434 1.1722 0.020108
0.396982 1.17373 0.0205642
0.399644 1.17637 0.0213631
0.402306 1.17903 0.0221807
0.403854 1.18059 0.0226652
0.406516 1.18328 0.0235128
0.409178 1.18598 0.0243792
0.410726 1.18757 0.0248922
0.413388 1.1903 0.0257887
0.41605 1.19305 0.0267041
0.417598 1.19466 0.0272455
0.42026 1.19744 0.0281909
0.422922 1.20024 0.0291551
0.42447 1.20188 0.0297249
0.427132 1.2047 0.030719
0.429794 1.20755 0.0317316
0.431342 1.20921 0.0323296
0.434004 1.21208 0.0333718
0.436666 1.21496 0.0344323
0.438214 1.21665 0.0350579
0.440876 1.21956 0.0361475
0.443538 1.22249 0.037255
0.445086 1.2242 0.0379079
0.447748 1.22715 0.0390439
0.45041 1.23013 0.0401973
0.451958 1.23186 0.0408767
0.45462 1.23486 0.042058
0.457282 1.23787 0.0432562
0.45883 1.23963 0.0439614
0.461492 1.24267 0.0451866
0.464154 1.24573 0.0464281
0.465702 1.24751 0.0471584
0.468364 1.2506 0.0484261
0.471026 1.2537 0.0497094
0.472574 1.25551 0.0504637
0.475236 1.25863 0.0517724
0.477898 1.26178 0.053096
0.479446 1.26362 0.0538735
0.482108 1.26679 0.0552215
0.48477 1.26998 0.0565837
0.486318 1.27184 0.0573835
0.48898 1.27506 0.0587691
0.491642 1.2783 0.0601684
0.49319 1.28019 0.0609895
0.495852 1.28346 0.0624112
0.498514 1.28675 0.0638459
0.500062 1.28867 0.0646874
0.502724 1.29199 0.0661437
0.505386 1.29533 0.0676123
0.506934 1.29728 0.0684733
0.509596 1.30065 0.0699626
0.512258 1.30405 0.0714638
0.513806 1.30603 0.0723435
0.516468 1.30947 0.0738647
0.51913 1.31292 0.0753971
0.520678 1.31494 0.0762949
0.52334 1.31843 0.0778467
0.526002 1.32195 0.0794093
0.52755 1.32401 0.0803246
0.530212 1.32757 0.0819061
0.532874 1.33115 0.0834981
0.534422 1.33325 0.0844304
0.537084 1.33688 0.0860409
0.539746 1.34054 0.0876617
0.541294 1.34268 0.0886106
0.543956 1.34638 0.0902497
0.546618 1.35011 0.0918989
0.548166 1.3523 0.0928644
0.550828 1.35608 0.0945319
0.55349 1.3599 0.0962094
0.555038 1.36214 0.0971916
0.5577 1.36601 0.0988875
0.560362 1.36991 0.100594
0.56191 1.3722 0.101593
0.564572 1.37616 0.103318
0.567234 1.38016 0.105053
0.568782 1.38251 0.106069
0.571444 1.38657 0.107824
0.574106 1.39067 0.109589
0.575654 1.39307 0.110623
0.578316 1.39724 0.112409
0.580978 1.40145 0.114206
0.582526 1.40391 0.115259
0.585188 1.40819 0.117077
0.58785 1.41252 0.118907
0.589398 1.41505 0.119979
0.59206 1.41945 0.121831
0.594722 1.4239 0.123697
0.59627 1.42651 0.12479
0.598932 1.43103 0.126679
0.601594 1.43561 0.128582
0.603142 1.4383 0.129698
0.605804 1.44296 0.131626
0.608466 1.44768 0.133569
0.610014 1.45045 0.134709
0.612676 1.45526 0.13668
0.615338 1.46012 0.138667
0.616886 1.46298 0.139833
0.619548 1.46794 0.14185
0.62221 1.47297 0.143885
0.623758 1.47592 0.145079
0.62642 1.48104 0.147146
0.629082 1.48623 0.149232
0.63063 1.48929 0.150458
0.633292 1.49458 0.152579
0.635954 1.49995 0.154722
0.637502 1.50311 0.155981
0.640164 1.50859 0.158162
0.642826 1.51415 0.160367
0.644374 1.51742 0.161664
0.647036 1.52309 0.16391
0.649698 1.52885 0.166182
0.651246 1.53224 0.167519
0.653908 1.53812 0.169837
0.65657 1.54409 0.172183
0.658118 1.5476 0.173564
0.66078 1.55371 0.17596
0.663442 1.5599 0.178388
0.66499 1.56355 0.179818
0.667652 1.56989 0.1823
0.670314 1.57632 0.184817
0.671862 1.5801 0.1863
0.674524 1.58669 0.188876
0.677186 1.59337 0.191491
0.678734 1.59731 0.193032
0.681396 1.60416 0.195712
0.684058 1.61111 0.198434
0.685606 1.6152 0.200039
0.688268 1.62233 0.202832
0.69093 1.62956 0.205672
0.692478 1.63383 0.207348
0.69514 1.64125 0.210266
0.697802 1.64879 0.213235
0.69935 1.65323 0.214988
0.702012 1.66096 0.218043
0.704674 1.66882 0.221154
0.706222 1.67345 0.222993
0.708884 1.68152 0.226198
0.711546 1.68972 0.229465
0.713094 1.69456 0.231398
0.715756 1.70298 0.234768
0.718418 1.71154 0.238208
0.719966 1.71659 0.240243
0.722628 1.72539 0.243796
0.72529 1.73434 0.247425
0.726838 1.73962 0.249574
0.7295 1.74881 0.253328
0.732162 1.75818 0.257166
0.73371 1.7637 0.25944
0.736372 1.77333 0.263415
0.739034 1.78313 0.267484
0.740582 1.78891 0.269896
0.743244 1.799 0.274117
0.745906 1.80927 0.278441
0.747454 1.81533 0.281006
0.750116 1.82591 0.285497
0.752778 1.83668 0.290104
0.754326 1.84304 0.292839
0.756988 1.85414 0.29763
0.75965 1.86545 0.30255
0.761198 1.87214 0.305473
0.76386 1.8838 0.310598
0.766522 1.89569 0.315866
0.76807 1.90271 0.318998
0.770732 1.91498 0.324495
0.773394 1.92749 0.33015
0.774942 1.93488 0.333515
0.777604 1.9478 0.339426
0.780266 1.96098 0.345514
0.781814 1.96877 0.34914
0.784476 1.98238 0.355514
0.787138 1.99628 0.362087
0.788686 2.0045 0.366004
0.791348 2.01887 0.372898
0.79401 2.03355 0.380014
0.795558 2.04223 0.384259
0.79822 2.05742 0.391737
0.800882 2.07294 0.399466
0.80243 2.08213 0.404081
0.805092 2.0982 0.412218
0.807754 2.11464 0.420639
0.809302 2.12437 0.425672
0.811964 2.1414 0.434555
0.814626 2.15883 0.443762
0.816174 2.16915 0.449269
0.818836 2.18723 0.459001
0.821498 2.20574 0.469101
0.823046 2.21671 0.47515
0.825708 2.23593 0.48585
0.82837 2.25562 0.496973
0.829918 2.26729 0.503641
0.83258 2.28776 0.515453
0.835242 2.30874 0.527751
0.83679 2.32118 0.535132
0.839452 2.34301 0.548224
0.842114 2.3654 0.561878
0.843662 2.37869 0.570084
0.846324 2.40202 0.58466
0.848986 2.42596 0.59989
0.850534 2.44018 0.609055
0.853196 2.46516 0.62536
0.855858 2.4908 0.642432
0.857406 2.50603 0.652719
0.860068 2.53282 0.671053
0.86273 2.56035 0.69029
0.864278 2.5767 0.701901
0.86694 2.60549 0.72263
0.869602 2.63508 0.744432
0.87115 2.65267 0.757613
0.873812 2.68367 0.781193
0.876474 2.71553 0.806058
0.878022 2.73449 0.821117
0.880684 2.76791 0.848118
0.883346 2.80228 0.87667
0.884894 2.82274 0.893996
0.887556 2.85882 0.925138
0.890218 2.89594 0.95817
0.891766 2.91804 0.978259
0.894428 2.95704 1.01446
0.89709 2.99715 1.053
0.898638 3.02102 1.07649
0.9013 3.06318 1.11895
0.903962 3.10651 1.16431
0.90551 3.13227 1.19203
0.908172 3.17779 1.24231
0.910834 3.22448 1.29625
0.912382 3.25222 1.3293
0.915044 3.30118 1.38949
0.917706 3.35125 1.45435
0.919254 3.38091 1.49421
0.921916 3.43319 1.56711
0.924578 3.48632 1.64606
0.926126 3.51765 1.69472
0.928788 3.57264 1.78418
0.93145 3.62788 1.88159
0.932998 3.66017 1.94179
0.93566 3.71634 2.05312
0.938322 3.77152 2.17503
0.93987 3.8032 2.25055
0.942532 3.85718 2.39117
0.945194 3.90763 2.54599
0.946742 3.93542 2.64201
0.949404 3.98013 2.82222
0.952066 4.01623 3.02144
0.953614 4.03345 3.14482
0.956276 4.05428 3.3784
0.958938 4.05632 3.63672
0.960486 4.04947 3.79555
0.963148 4.01619 4.09877
0.96581 3.94393 4.43077
0.967358 3.886 4.63095
0.97002 3.73651 5.0142
0.972682 3.51012 5.41772
0.97423 3.34661 5.6504
0.976892 2.96107 6.08172
0.979554 2.4162 6.4884
0.981102 2.13484 6.61939
0.983764 1.18146 7.00746
0.986426 0.000743455 6.79229
0.987218 -0.677585 6.41067
0.98728 -0.476364 6.22027
0.987342 -0.326452 6.35269
0.987378 -0.42313 6.34052
0.98744 -0.431241 6.31087
0.987502 -0.435439 6.28504
0.987538 -0.438083 6.27035
0.9876 -0.440642 6.24615
0.987662 -0.443018 6.22404
0.987698 -0.444994 6.21144
0.98776 -0.447686 6.19039
0.987822 -0.450534 6.17067
0.987858 -0.452628 6.15939
0.98792 -0.455835 6.14042
0.987982 -0.459204 6.12237
0.988018 -0.461485 6.11202
0.98808 -0.465141 6.09454
0.988142 -0.46893 6.07776
0.988178 -0.471381 6.06812
0.98824 -0.475394 6.05178
0.988302 -0.479515 6.03599
0.988338 -0.482109 6.0269
0.9884 -0.486406 6.01147
0.988462 -0.490793 5.99649
0.988498 -0.493504 5.98785
0.98856 -0.498032 5.97316
0.988622 -0.502635 5.95885
0.988658 -0.505446 5.95058
0.98872 -0.510165 5.93652
0.988782 -0.514947 5.92277
0.988818 -0.517842 5.91482
0.98888 -0.522721 5.90128
0.988942 -0.527654 5.88802
0.988978 -0.530622 5.88034
0.98904 -0.535637 5.86725
0.989102 -0.540701 5.8544
0.989138 -0.543732 5.84696
0.9892 -0.548866 5.83426
0.989262 -0.554043 5.82177
0.989298 -0.55713 5.81453
0.98936 -0.562369 5.80218
0.989422 -0.567647 5.79
0.989458 -0.570784 5.78294
0.98952 -0.576116 5.77088
0.989582 -0.581484 5.75898
0.989618 -0.584667 5.75208
0.98968 -0.590084 5.74028
0.989742 -0.595534 5.72863
0.989778 -0.598758 5.72186
0.98984 -0.604253 5.71029
0.989902 -0.609779 5.69885
0.989938 -0.613043 5.69221
0.99 -0.61861 5.68084
0.990062 -0.624206 5.66959
0.990098 -0.627507 5.66305
0.99016 -0.633142 5.65186
0.990222 -0.638806 5.64077
0.990258 -0.642143 5.63433
0.99032 -0.647843 5.6233
0.990382 -0.653571 5.61235
0.990418 -0.656941 5.60599
0.99048 -0.662704 5.59509
0.990542 -0.668495 5.58427
0.990578 -0.671899 5.57798
0.99064 -0.677724 5.5672
0.990702 -0.683576 5.55649
0.990738 -0.687013 5.55026
0.9908 -0.692899 5.53958
0.990862 -0.698812 5.52895
0.990898 -0.702283 5.52277
0.99096 -0.708229 5.51217
0.991022 -0.714204 5.50163
0.991058 -0.717709 5.49549
0.99112 -0.723717 5.48496
0.991182 -0.729754 5.47447
0.991218 -0.733294 5.46836
0.99128 -0.739365 5.45789
0.991342 -0.745466 5.44745
0.991378 -0.749042 5.44136
0.99144 -0.755178 5.43092
0.991502 -0.761346 5.42051
0.991538 -0.764959 5.41444
0.9916 -0.771162 5.40403
0.991662 -0.7774 5.39363
0.991698 -0.781052 5.38757
0.99176 -0.787327 5.37716
0.991822 -0.793638 5.36677
0.991858 -0.797331 5.3607
0.99192 -0.803681 5.35029
0.991982 -0.81007 5.33989
0.992018 -0.813808 5.33381
0.99208 -0.820239 5.32338
0.992142 -0.826711 5.31294
0.992178 -0.830497 5.30684
0.99224 -0.837013 5.29638
0.992302 -0.843575 5.28589
0.992338 -0.847413 5.27977
0.9924 -0.854023 5.26924
0.992462 -0.860682 5.2587
0.992498 -0.864576 5.25253
0.99256 -0.871288 5.24193
0.992622 -0.878054 5.2313
0.992658 -0.882009 5.22508
0.99272 -0.888833 5.21439
0.992782 -0.895717 5.20365
0.992818 -0.899739 5.19736
0.99288 -0.906687 5.18656
0.992942 -0.913701 5.17569
0.992978 -0.917799 5.16932
0.99304 -0.924884 5.15837
0.993102 -0.932043 5.14735
0.993138 -0.936226 5.14088
0.9932 -0.943466 5.12975
0.993262 -0.950789 5.11854
0.993298 -0.955067 5.11195
0.99336 -0.962482 5.10062
0.993422 -0.969991 5.08918
0.993458 -0.974378 5.08244
0.99352 -0.981992 5.07086
0.993582 -0.989716 5.05914
0.993618 -0.994228 5.05223
0.99368 -1.00207 5.04033
0.993742 -1.01005 5.02828
0.993778 -1.0147 5.02115
0.99384 -1.02282 5.00888
0.993902 -1.03109 4.99642
0.993938 -1.03592 4.98902
0.994 -1.04436 4.97629
0.994062 -1.05298 4.9633
0.994098 -1.05801 4.95558
0.99416 -1.06684 4.94226
0.994222 -1.0759 4.92861
0.994258 -1.08118 4.92045
0.99432 -1.0905 4.90637
0.994382 -1.1001 4.89185
0.994418 -1.1057 4.8831
0.99448 -1.11565 4.86799
0.994542 -1.12597 4.85226
0.994578 -1.13197 4.84269
0.99464 -1.14276 4.82611
0.994702 -1.15408 4.80858
0.994738 -1.16062 4.79772
0.9948 -1.17264 4.77883
0.994862 -1.18546 4.75826
0.994898 -1.1928 4.74501
0.99496 -1.20679 4.72177
0.995022 -1.22371 4.69514
0.995058 -1.22256 4.6708
0.99512 -1.25487 4.64175
0.995182 -1.25181 4.54516
0.995436 -1.17999 4.48766
0.996248 -1.06773 4.2774
0.99706 -0.959768 4.16293
0.997532 -0.927212 4.10415
0.998344 -0.868811 4.0204
0.999156 -0.821525 3.94616
0.999628 -0.79737 3.90602
1.00044 -0.760841 3.84323
1.00125 -0.729 3.78506
1.00172 -0.711938 3.75305
1.00254 -0.685488 3.70163
1.00335 -0.661752 3.65326
1.00382 -0.648965 3.62645
1.00463 -0.628628 3.58245
1.00544 -0.609961 3.54081
1.00592 -0.599934 3.51765
1.00673 -0.583712 3.47909
1.00754 -0.568572 3.4424
1.00801 -0.560361 3.42193
1.00882 -0.547057 3.38771
1.00964 -0.534593 3.35494
1.01011 -0.527741 3.33648
1.01092 -0.51658 3.30572
1.01173 -0.506135 3.27613
1.0122 -0.500353 3.2593
1.01302 -0.490839 3.23134
1.01383 -0.481932 3.20435
1.0143 -0.476981 3.18893
1.01511 -0.468802 3.1633
1.01592 -0.461096 3.13845
1.0164 -0.456799 3.12431
1.01721 -0.449734 3.10063
1.01802 -0.443007 3.0776
1.01849 -0.43924 3.06454
1.0193 -0.433081 3.04254
1.02012 -0.427173 3.02109
1.02059 -0.423844 3.00894
1.0214 -0.418394 2.98841
1.02221 -0.413174 2.96841
1.02268 -0.41025 2.957
1.0235 -0.405391 2.93777
1.02431 -0.400751 2.91904
1.02478 -0.398165 2.9083
1.02559 -0.393816 2.89022
1.0264 -0.389665 2.87258
1.02688 -0.387342 2.86245
1.02769 -0.383448 2.84541
1.0285 -0.37972 2.82873
1.02897 -0.377612 2.81919
1.02978 -0.374124 2.80307
1.0306 -0.37076 2.78725
1.03107 -0.368846 2.77822
1.03188 -0.365697 2.76293
1.03269 -0.362651 2.74792
1.03316 -0.36092 2.73934
1.03398 -0.358052 2.7248
1.03479 -0.355282 2.71053
1.03526 -0.353723 2.70236
1.03607 -0.351102 2.6885
1.03688 -0.348577 2.67491
1.03736 -0.347162 2.66709
1.03817 -0.344766 2.65387
1.03898 -0.342458 2.64089
1.03945 -0.341156 2.63342
1.04026 -0.338969 2.62078
1.04108 -0.336857 2.60835
1.04155 -0.335653 2.60121
1.04236 -0.333657 2.5891
1.04317 -0.331719 2.57718
1.04364 -0.33061 2.57034
1.04446 -0.328775 2.55872
1.04527 -0.326993 2.54728
1.04574 -0.32598 2.54071
1.04655 -0.324288 2.52955
1.04736 -0.32265 2.51856
1.04784 -0.321729 2.51224
1.04865 -0.320181 2.50148
1.04946 -0.318695 2.49089
1.04993 -0.317945 2.48475
1.05074 -0.316383 2.47417
1.05156 -0.314755 2.46394
1.05203 -0.313861 2.45808
1.05284 -0.312349 2.44822
1.05365 -0.310977 2.43859
1.05412 -0.310182 2.43299
1.05494 -0.309228 2.42358
1.05575 -0.308166 2.4137
1.05622 -0.307272 2.40836
1.05703 -0.306016 2.399
1.05784 -0.304752 2.38994
1.05832 -0.304099 2.38471
1.05913 -0.303005 2.37588
1.05994 -0.302109 2.3672
1.06041 -0.301658 2.36187
1.06122 -0.300551 2.35309
1.06204 -0.29946 2.3445
1.06251 -0.29885 2.33958
1.06332 -0.297844 2.33125
1.06413 -0.29693 2.32308
1.0646 -0.296486 2.31833
1.06542 -0.295718 2.31014
1.06623 -0.29486 2.30193
1.0667 -0.294285 2.29733
1.06751 -0.293393 2.28942
1.06832 -0.292538 2.2817
1.0688 -0.292063 2.27722
1.06961 -0.291388 2.26966
1.07042 -0.290744 2.262
1.07089 -0.290297 2.25759
1.0717 -0.289516 2.25009
1.07252 -0.288741 2.24275
1.07299 -0.288318 2.23852
1.0738 -0.287621 2.23136
1.07461 -0.287001 2.22429
1.07508 -0.28675 2.22017
1.0759 -0.286112 2.213
1.07671 -0.285423 2.20603
1.07718 -0.285054 2.202
1.07799 -0.284406 2.19519
1.0788 -0.283817 2.18849
1.07928 -0.283474 2.18459
1.08009 -0.283039 2.178
1.0809 -0.28255 2.17123
1.08137 -0.282157 2.16749
1.08218 -0.281602 2.16096
1.083 -0.281042 2.15459
1.08347 -0.28075 2.15089
1.08428 -0.280268 2.14463
1.08509 -0.279862 2.13842
1.08556 -0.279633 2.13471
1.08638 -0.27913 2.12852
1.08719 -0.278638 2.12241
1.08766 -0.27836 2.1189
1.08847 -0.277905 2.11293
1.08928 -0.27749 2.10703
1.08976 -0.277302 2.10362
1.09057 -0.27693 2.09771
1.09138 -0.276517 2.09185
1.09185 -0.276266 2.08851
1.09266 -0.275852 2.08279
1.09348 -0.275463 2.07716
1.09395 -0.275239 2.07389
1.09476 -0.274942 2.06836
1.09557 -0.274641 2.06276
1.09604 -0.274414 2.05957
1.09686 -0.274057 2.05408
1.09767 -0.273694 2.04869
1.09814 -0.273515 2.04559
1.09895 -0.273184 2.04028
1.09976 -0.272943 2.03509
1.10101 -0.27244 2.0269
1.1045 -0.271303 2.00509
1.10799 -0.270235 1.98389
1.11001 -0.26969 1.97215
1.1135 -0.268835 1.95208
1.11699 -0.268012 1.93289
1.11901 -0.267667 1.92194
1.1225 -0.267029 1.90367
1.12599 -0.266503 1.88603
1.12801 -0.266253 1.87596
1.1315 -0.265836 1.85917
1.13499 -0.265547 1.84293
1.13701 -0.265383 1.83358
1.1405 -0.265181 1.8181
1.14399 -0.265061 1.80298
1.14601 -0.264974 1.79443
1.1495 -0.264957 1.78003
1.15299 -0.264962 1.76599
1.15501 -0.265008 1.75807
1.1585 -0.265115 1.74462
1.16199 -0.265254 1.73159
1.16401 -0.265386 1.72414
1.1675 -0.265613 1.71163
1.17099 -0.265895 1.69945
1.17301 -0.266087 1.69248
1.1765 -0.266435 1.68078
1.17999 -0.266842 1.66937
1.18201 -0.26709 1.66283
1.1855 -0.267557 1.65186
1.18899 -0.268068 1.64113
1.19101 -0.268371 1.63502
1.1945 -0.268944 1.62469
1.19799 -0.269545 1.6146
1.20001 -0.269916 1.60884
1.2035 -0.27055 1.5991
1.20699 -0.271216 1.58963
1.20901 -0.271629 1.58421
1.2125 -0.272384 1.57509
1.21599 -0.273184 1.56615
1.21801 -0.273674 1.56107
1.2215 -0.274555 1.55243
1.22499 -0.275463 1.54399
1.22701 -0.276034 1.53917
1.2305 -0.277016 1.53098
1.23399 -0.278042 1.52299
1.23601 -0.278667 1.51837
1.2395 -0.279741 1.51061
1.24299 -0.280869 1.503
1.24501 -0.281523 1.49861
1.2485 -0.282696 1.49124
1.25199 -0.283901 1.48397
1.25401 -0.2846 1.47984
1.2575 -0.285848 1.4728
1.26099 -0.287113 1.4659
1.26301 -0.28786 1.46194
1.2665 -0.289174 1.45525
1.26999 -0.290494 1.44868
1.27201 -0.291292 1.44497
1.2755 -0.292658 1.43859
1.27899 -0.294052 1.43241
1.28101 -0.294894 1.42882
1.2845 -0.296325 1.42284
1.28799 -0.297811 1.417
1.29001 -0.298684 1.41365
1.2935 -0.300222 1.40805
1.29699 -0.301839 1.40262
1.29901 -0.302776 1.39952
1.3025 -0.304585 1.39442
1.30599 -0.306587 1.38939
1.30801 -0.307831 1.38649
1.3115 -0.310081 1.38151
1.31499 -0.312446 1.37654
1.31701 -0.31387 1.37365
1.3205 -0.316391 1.3687
1.32399 -0.318991 1.36373
1.32601 -0.320538 1.36085
1.3295 -0.32325 1.35588
1.33299 -0.326019 1.35091
1.33501 -0.327654 1.34801
1.3385 -0.330503 1.34302
1.34199 -0.333393 1.33802
1.34401 -0.335092 1.33511
1.3475 -0.338038 1.3301
1.35099 -0.341014 1.32507
1.35301 -0.342757 1.32214
1.3565 -0.345771 1.31709
1.35999 -0.348804 1.31203
1.36201 -0.350576 1.30908
1.3655 -0.353633 1.304
1.36899 -0.3567 1.2989
1.37101 -0.358488 1.29593
1.3745 -0.361566 1.29082
1.37799 -0.364648 1.28569
1.38001 -0.366443 1.2827
1.3835 -0.369525 1.27755
1.38699 -0.372606 1.27239
1.38901 -0.374397 1.26938
1.3925 -0.37747 1.2642
1.39599 -0.380536 1.25901
1.39801 -0.382316 1.25599
1.4015 -0.385366 1.25078
1.40499 -0.388405 1.24556
1.40701 -0.390168 1.24251
1.4105 -0.393186 1.23728
1.41399 -0.396188 1.23203
1.41601 -0.397927 1.22898
1.4195 -0.400903 1.22371
1.42299 -0.403859 1.21844
1.42501 -0.405571 1.21537
1.4285 -0.408496 1.21009
1.43199 -0.4114 1.2048
1.43401 -0.41308 1.20172
1.4375 -0.415948 1.19642
1.44099 -0.418792 1.19111
1.44301 -0.420436 1.18802
1.4465 -0.423241 1.1827
1.44999 -0.42602 1.17738
1.45201 -0.427626 1.17428
1.4555 -0.430363 1.16895
1.45899 -0.433073 1.16361
1.46101 -0.434637 1.16051
1.4645 -0.437302 1.15517
1.46799 -0.439938 1.14983
1.47001 -0.441458 1.14672
1.4735 -0.444048 1.14137
1.47699 -0.446606 1.13602
1.47901 -0.448082 1.13291
1.4825 -0.450592 1.12756
1.48599 -0.453071 1.12221
1.48801 -0.454499 1.1191
1.4915 -0.456928 1.11375
1.49499 -0.459325 1.1084
1.49701 -0.460705 1.10529
1.5005 -0.463051 1.09995
1.50399 -0.465364 1.0946
1.50601 -0.466695 1.09149
1.5095 -0.468955 1.08616
1.51299 -0.471183 1.08082
1.51501 -0.472464 1.07772
1.5185 -0.474638 1.07239
1.52199 -0.476779 1.06706
1.52401 -0.47801 1.06396
1.5275 -0.480097 1.05865
1.53099 -0.482151 1.05334
1.53301 -0.48333 1.05025
1.5365 -0.48533 1.04494
1.53999 -0.487297 1.03965
1.54201 -0.488425 1.03657
1.5455 -0.490337 1.03129
1.54899 -0.492216 1.02601
1.55101 -0.493293 1.02294
1.5545 -0.495118 1.01768
1.55799 -0.496908 1.01242
1.56001 -0.497935 1.00937
1.5635 -0.499672 1.00413
1.56699 -0.501375 0.998895
1.56901 -0.502351 0.995856
1.5725 -0.504001 0.99064
1.57599 -0.505617 0.985435
1.57801 -0.506543 0.982411
1.5815 -0.508106 0.977223
1.58499 -0.509636 0.972047
1.58701 -0.510512 0.96904
1.5905 -0.51199 0.963883
1.59399 -0.513435 0.958737
1.59601 -0.514261 0.955749
1.5995 -0.515654 0.950623
1.60299 -0.517015 0.945511
1.60501 -0.517792 0.942542
1.6085 -0.519102 0.937451
1.61199 -0.520379 0.932373
1.61401 -0.521108 0.929425
1.6175 -0.522336 0.924369
1.62099 -0.523532 0.919329
1.62301 -0.524213 0.916402
1.6265 -0.52536 0.911385
1.62999 -0.526475 0.906382
1.63201 -0.52711 0.903478
1.6355 -0.528177 0.898501
1.63899 -0.529213 0.893539
1.64101 -0.529802 0.890658
1.6445 -0.530791 0.885721
1.64799 -0.53175 0.880801
1.65001 -0.532294 0.877945
1.6535 -0.533206 0.873051
1.65699 -0.534089 0.868173
1.65901 -0.534589 0.865343
1.6625 -0.535426 0.860492
1.66599 -0.536235 0.85566
1.66801 -0.536692 0.852855
1.6715 -0.537456 0.84805
1.67499 -0.538192 0.843262
1.67701 -0.538607 0.840485
1.6805 -0.539299 0.835726
1.68399 -0.539964 0.830985
1.68601 -0.540338 0.828234
1.6895 -0.540961 0.823523
1.69299 -0.541556 0.81883
1.69501 -0.541891 0.816108
1.6985 -0.542445 0.811444
1.70199 -0.542973 0.8068
1.70401 -0.543268 0.804106
1.7075 -0.543756 0.799492
1.71099 -0.544219 0.794897
1.71301 -0.544476 0.792232
1.7165 -0.544899 0.787668
1.71999 -0.545298 0.783124
1.72201 -0.545519 0.780488
1.7255 -0.545879 0.775975
1.72899 -0.546215 0.771481
1.73101 -0.5464 0.768875
1.7345 -0.5467 0.764413
1.73799 -0.546976 0.759971
1.74001 -0.547126 0.757395
1.7435 -0.547366 0.752985
1.74699 -0.547584 0.748595
1.74901 -0.547701 0.74605
1.7525 -0.547883 0.741692
1.75599 -0.548044 0.737354
1.75801 -0.548128 0.73484
1.7615 -0.548255 0.730534
1.76499 -0.548361 0.72625
1.76701 -0.548413 0.723766
1.7705 -0.548487 0.719514
1.77399 -0.54854 0.715282
1.77601 -0.548561 0.712829
1.7795 -0.548582 0.708631
1.78299 -0.548584 0.704453
1.78501 -0.548575 0.702031
1.7885 -0.548546 0.697886
1.79199 -0.548498 0.693761
1.79401 -0.548461 0.691371
1.7975 -0.548383 0.687279
1.80099 -0.548287 0.683209
1.80301 -0.548222 0.680849
1.8065 -0.548098 0.676811
1.80999 -0.547955 0.672795
1.81201 -0.547864 0.670467
1.8155 -0.547694 0.666483
1.81899 -0.547506 0.66252
1.82101 -0.547389 0.660223
1.8245 -0.547175 0.656293
1.82799 -0.546945 0.652384
1.83001 -0.546803 0.650118
1.8335 -0.546547 0.646242
1.83699 -0.546275 0.642387
1.83901 -0.54611 0.640152
1.8425 -0.545813 0.63633
1.84599 -0.545501 0.632528
1.84801 -0.545313 0.630325
1.8515 -0.544977 0.626556
1.85499 -0.544627 0.622807
1.85701 -0.544417 0.620635
1.8605 -0.544044 0.61692
1.86399 -0.543656 0.613225
1.86601 -0.543425 0.611084
1.8695 -0.543016 0.607421
1.87299 -0.542593 0.603779
1.87501 -0.542341 0.601669
1.8785 -0.541897 0.598059
1.88199 -0.541441 0.59447
1.88401 -0.541169 0.59239
1.8875 -0.540692 0.588833
1.89099 -0.540203 0.585296
1.89301 -0.539913 0.583247
1.8965 -0.539404 0.579742
1.89999 -0.538884 0.576258
1.90201 -0.538575 0.574239
1.9055 -0.538037 0.570786
1.90899 -0.537486 0.567353
1.91101 -0.537161 0.565364
1.9145 -0.536593 0.561963
1.91799 -0.536014 0.558581
1.92001 -0.535672 0.556622
1.9235 -0.535076 0.553272
1.92699 -0.53447 0.549942
1.92901 -0.534112 0.548013
1.9325 -0.53349 0.544713
1.93599 -0.532857 0.541433
1.93801 -0.532485 0.539533
1.9415 -0.531837 0.536284
1.94499 -0.531179 0.533054
1.94701 -0.530792 0.531184
1.9505 -0.53012 0.527984
1.95399 -0.529439 0.524804
1.95601 -0.529039 0.522962
1.9595 -0.528344 0.519813
1.96299 -0.52764 0.516682
1.96501 -0.527226 0.514868
1.9685 -0.526509 0.511767
1.97199 -0.525784 0.508685
1.97401 -0.525358 0.5069
1.9775 -0.52462 0.503848
1.98099 -0.523875 0.500814
1.98301 -0.523437 0.499057
1.9865 -0.522679 0.496052
1.98999 -0.521914 0.493066
1.99201 -0.521466 0.491336
1.9955 -0.520689 0.488379
1.99899 -0.519905 0.48544
2.00338 -0.518907 0.48176
2.015 -0.516219 0.472169
2.02662 -0.513461 0.462775
2.03338 -0.511827 0.457398
2.045 -0.50897 0.44831
2.05662 -0.506055 0.439411
2.06338 -0.504335 0.434317
2.075 -0.50134 0.425711
2.08662 -0.498299 0.417286
2.09338 -0.49651 0.412464
2.105 -0.493405 0.404319
2.11662 -0.490263 0.396345
2.12338 -0.48842 0.391783
2.135 -0.485229 0.384076
2.14662 -0.48201 0.376534
2.15338 -0.480126 0.372218
2.165 -0.47687 0.364929
2.17662 -0.473595 0.357796
2.18338 -0.471681 0.353715
2.195 -0.468381 0.346823
2.20662 -0.465067 0.340078
2.21338 -0.463134 0.33622
2.225 -0.459805 0.329703
2.23662 -0.456469 0.323327
2.24338 -0.454525 0.31968
2.255 -0.451182 0.31352
2.26662 -0.447837 0.307492
2.27338 -0.44589 0.304044
2.285 -0.442546 0.298221
2.29662 -0.439205 0.292524
2.30338 -0.437262 0.289264
2.315 -0.433928 0.28376
2.32662 -0.4306 0.278374
2.33338 -0.428666 0.275293
2.345 -0.425352 0.27009
2.35662 -0.422046 0.264998
2.36338 -0.420127 0.262085
2.375 -0.41684 0.257166
2.38662 -0.413565 0.252352
2.39338 -0.411664 0.249598
2.405 -0.408411 0.244946
2.41662 -0.405173 0.240394
2.42338 -0.403295 0.23779
2.435 -0.400082 0.233391
2.44662 -0.396885 0.229086
2.45338 -0.395033 0.226623
2.465 -0.391864 0.222462
2.47662 -0.388714 0.21839
2.48338 -0.38689 0.21606
2.495 -0.383771 0.212124
2.50662 -0.380671 0.208271
2.51338 -0.378876 0.206066
2.525 -0.375809 0.202341
2.53662 -0.372763 0.198695
2.54338 -0.370999 0.196608
2.555 -0.367987 0.193083
2.56662 -0.364996 0.189631
2.57338 -0.363266 0.187655
2.585 -0.360311 0.184317
2.59662 -0.357377 0.181049
2.60338 -0.355681 0.179178
2.615 -0.352784 0.176017
2.62662 -0.34991 0.172922
2.63338 -0.348248 0.17115
2.645 -0.34541 0.168155
2.65662 -0.342596 0.165222
2.66338 -0.340969 0.163543
2.675 -0.338192 0.160705
2.68662 -0.335439 0.157925
2.69338 -0.333847 0.156334
2.705 -0.331131 0.153644
2.71662 -0.328438 0.151008
2.72338 -0.326882 0.149499
2.735 -0.324227 0.146949
2.74662 -0.321595 0.144449
2.75338 -0.320074 0.143018
2.765 -0.31748 0.140599
2.77662 -0.314909 0.138228
2.78338 -0.313423 0.13687
2.795 -0.31089 0.134574
2.80662 -0.308379 0.132324
2.81338 -0.306929 0.131035
2.825 -0.304455 0.128855
2.83662 -0.302004 0.126719
2.84338 -0.300588 0.125496
2.855 -0.298174 0.123426
2.86662 -0.295783 0.121397
2.87338 -0.294401 0.120235
2.885 -0.292046 0.118269
2.89662 -0.289712 0.116342
2.90338 -0.288365 0.115238
2.915 -0.286067 0.11337
2.92662 -0.283791 0.111538
2.93338 -0.282477 0.110489
2.945 -0.280236 0.108713
2.95662 -0.278017 0.106971
2.96338 -0.276735 0.105973
2.975 -0.27455 0.104285
2.98662 -0.272387 0.102629
2.99338 -0.271137 0.101679
3.005 -0.269007 0.100073
3.01662 -0.266898 0.0984975
3.02338 -0.26568 0.0975943
3.035 -0.263603 0.0960657
3.04662 -0.261547 0.094566
3.05338 -0.26036 0.0937063
3.065 -0.258336 0.0922511
3.07662 -0.256331 0.0908232
3.08338 -0.255174 0.0900046
3.095 -0.253202 0.0886188
3.10662 -0.251248 0.0872588
3.11338 -0.250121 0.086479
3.125 -0.248198 0.0851588
3.13662 -0.246294 0.083863
3.14338 -0.245195 0.08312
3.155 -0.243322 0.0818618
3.16662 -0.241467 0.0806267
3.17338 -0.240396 0.0799184
3.185 -0.23857 0.0787189
3.19662 -0.236762 0.0775413
3.20338 -0.235718 0.0768658
3.215 -0.233939 0.0757219
3.22662 -0.232177 0.0745986
3.23338 -0.23116 0.0739543
3.245 -0.229426 0.0728629
3.25662 -0.227709 0.0717911
3.26338 -0.226718 0.0711762
3.275 -0.225028 0.0701347
3.28662 -0.223355 0.0691116
3.29338 -0.222389 0.0685247
3.305 -0.220742 0.0675303
3.31662 -0.219111 0.0665534
3.32338 -0.21817 0.0659929
3.335 -0.216565 0.0650432
3.34662 -0.214975 0.0641101
3.35338 -0.214058 0.0635747
3.365 -0.212493 0.0626673
3.37662 -0.210944 0.0617758
3.38338 -0.21005 0.0612641
3.395 -0.208525 0.0603969
3.40662 -0.207015 0.0595447
3.41338 -0.206143 0.0590556
3.425 -0.204657 0.0582265
3.43662 -0.203185 0.0574117
3.44338 -0.202335 0.056944
3.455 -0.200886 0.0561511
3.46662 -0.199451 0.0553717
3.47338 -0.198623 0.0549243
3.485 -0.19721 0.0541657
3.49662 -0.195811 0.05342
3.50338 -0.195003 0.0529918
3.515 -0.193626 0.0522659
3.52662 -0.192262 0.0515522
3.53338 -0.191474 0.0511423
3.545 -0.190131 0.0504474
3.55662 -0.188801 0.049764
3.56338 -0.188033 0.0493715
3.575 -0.186723 0.048706
3.58662 -0.185426 0.0480515
3.59338 -0.184677 0.0476756
3.605 -0.183399 0.0470381
3.61662 -0.182134 0.046411
3.62338 -0.181404 0.0460508
3.635 -0.180158 0.0454399
3.64662 -0.178924 0.044839
3.65338 -0.178211 0.0444937
3.665 -0.176995 0.0439082
3.67662 -0.175791 0.043332
3.68338 -0.175096 0.043001
3.695 -0.17391 0.0424395
3.70662 -0.172736 0.041887
3.71338 -0.172057 0.0415696
3.725 -0.1709 0.041031
3.73662 -0.169754 0.040501
3.74338 -0.169092 0.0401965
3.755 -0.167963 0.0396797
3.76662 -0.166845 0.0391712
3.77338 -0.166198 0.0388789
3.785 -0.165097 0.038383
3.79662 -0.164005 0.0378948
3.80338 -0.163374 0.0376142
3.815 -0.162299 0.0371381
3.82662 -0.161233 0.0366694
3.83338 -0.160618 0.0364
3.845 -0.159568 0.0359428
3.85662 -0.158528 0.0354926
3.86338 -0.157927 0.0352339
3.875 -0.156902 0.0347946
3.88662 -0.155886 0.0343622
3.89338 -0.155299 0.0341135
3.905 -0.154299 0.0336915
3.91662 -0.153307 0.0332759
3.92338 -0.152734 0.033037
3.935 -0.151757 0.0326313
3.94662 -0.150788 0.0322318
3.95338 -0.150228 0.0320021
3.965 -0.149274 0.0316121
3.97662 -0.148328 0.031228
3.98338 -0.147781 0.031007
3.995 -0.146849 0.030632
4.00662 -0.145925 0.0302625
4.01338 -0.145391 0.03005
4.025 -0.14448 0.0296892
4.03662 -0.143577 0.0293338
4.04338 -0.143056 0.0291293
4.055 -0.142166 0.0287821
4.06662 -0.141284 0.0284401
4.07338 -0.140774 0.0282433
4.085 -0.139904 0.0279091
4.09662 -0.139042 0.0275799
4.10338 -0.138544 0.0273904
4.115 -0.137694 0.0270687
4.12662 -0.136852 0.0267517
4.13338 -0.136365 0.0265693
4.145 -0.135534 0.0262595
4.15662 -0.134711 0.0259541
4.16338 -0.134235 0.0257784
4.175 -0.133423 0.02548
4.18662 -0.132618 0.0251858
4.19338 -0.132152 0.0250165
4.205 -0.131359 0.024729
4.21662 -0.130571 0.0244455
4.22338 -0.130117 0.0242824
4.235 -0.12934 0.0240053
4.24662 -0.128571 0.0237321
4.25338 -0.128126 0.0235748
4.265 -0.127367 0.0233077
4.27662 -0.126614 0.0230443
4.28338 -0.126179 0.0228927
4.295 -0.125436 0.0226351
4.30662 -0.1247 0.022381
4.31338 -0.124274 0.0222348
4.325 -0.123548 0.0219864
4.33662 -0.122828 0.0217413
4.34338 -0.122412 0.0216003
4.355 -0.121701 0.0213606
4.36662 -0.120997 0.0211242
4.37338 -0.120589 0.0209881
4.385 -0.119894 0.0207568
4.39662 -0.119205 0.0205287
4.40338 -0.118806 0.0203973
4.415 -0.118126 0.0201741
4.42662 -0.117451 0.0199539
4.43338 -0.117061 0.0198271
4.445 -0.116395 0.0196116
4.45662 -0.115735 0.0193989
4.46338 -0.115353 0.0192765
4.475 -0.114701 0.0190684
4.48662 -0.114055 0.0188631
4.49338 -0.113681 0.0187448
4.505 -0.113043 0.0185438
4.51662 -0.112411 0.0183455
4.52338 -0.112045 0.0182313
4.535 -0.11142 0.0180371
4.54662 -0.110801 0.0178454
4.55338 -0.110443 0.0177351
4.565 -0.109831 0.0175474
4.57662 -0.109224 0.0173622
4.58338 -0.108874 0.0172556
4.595 -0.108275 0.0170742
4.60662 -0.107681 0.0168952
4.61338 -0.107337 0.0167921
4.625 -0.106751 0.0166167
4.63662 -0.106169 0.0164437
4.64338 -0.105832 0.016344
4.655 -0.105258 0.0161744
4.66662 -0.104688 0.0160071
4.67338 -0.104358 0.0159107
4.685 -0.103795 0.0157467
4.69662 -0.103237 0.0155848
4.70338 -0.102914 0.0154916
4.715 -0.102362 0.0153329
4.72662 -0.101815 0.0151763
4.73338 -0.101499 0.0150861
4.745 -0.100959 0.0149326
4.75662 -0.100422 0.0147811
4.76338 -0.100112 0.0146938
4.775 -0.0995828 0.0145453
4.78662 -0.0990574 0.0143986
4.79338 -0.0987535 0.0143141
4.805 -0.0982345 0.0141703
4.81662 -0.0977195 0.0140283
4.82338 -0.0974216 0.0139465
4.835 -0.0969129 0.0138073
4.84662 -0.0964081 0.0136699
4.85338 -0.0961161 0.0135907
4.865 -0.0956174 0.0134559
4.87662 -0.0951225 0.0133228
4.88338 -0.0948362 0.013246
4.895 -0.0943472 0.0131155
4.90662 -0.093862 0.0129865
4.91338 -0.0935812 0.0129122
4.925 -0.0931018 0.0127858
4.93662 -0.0926259 0.0126608
4.94338 -0.0923507 0.0125888
4.955 -0.0918805 0.0124663
4.96662 -0.0914138 0.0123452
4.97338 -0.0911438 0.0122755
4.985 -0.0906827 0.0121567
4.99662 -0.090225 0.0120394
5.01127 -0.0896527 0.0118935
5.05 -0.0881655 0.0115182
5.08873 -0.0867144 0.0111576
5.11127 -0.0858862 0.0109541
5.15 -0.0844902 0.0106153
5.18873 -0.0831275 0.0102895
5.21127 -0.0823494 0.0101055
5.25 -0.0810375 0.00979903
5.28873 -0.0797563 0.00950401
5.31127 -0.0790244 0.00933741
5.35 -0.0777901 0.00905958
5.38873 -0.0765842 0.00879198
5.41127 -0.0758951 0.00864077
5.45 -0.0747324 0.00838848
5.48873 -0.073596 0.0081453
5.51127 -0.0729465 0.00800783
5.55 -0.0718502 0.00777831
5.58873 -0.0707782 0.00755694
5.61127 -0.0701653 0.00743172
5.65 -0.0691305 0.00722256
5.68873 -0.0681182 0.0070207
5.71127 -0.0675392 0.00690646
5.75 -0.0665614 0.00671554
5.78873 -0.0656046 0.00653116
5.81127 -0.0650571 0.00642676
5.85 -0.0641323 0.00625221
5.88873 -0.0632269 0.00608353
5.91127 -0.0627088 0.00598798
5.95 -0.0618332 0.00582813
5.98873 -0.0609757 0.00567358
6.01127 -0.0604848 0.00558599
6.05 -0.0596551 0.0054394
6.08873 -0.0588423 0.00529758
6.11127 -0.0583768 0.00521717
6.15 -0.0575898 0.00508254
6.18873 -0.0568186 0.00495221
6.21127 -0.0563768 0.00487829
6.25 -0.0556297 0.00475446
6.28873 -0.0548973 0.00463454
6.31127 -0.0544777 0.00456648
6.35 -0.0537678 0.00445244
6.38873 -0.0530717 0.00434193
6.41127 -0.0526728 0.0042792
6.45 -0.0519978 0.00417403
6.48873 -0.0513356 0.00407206
6.51127 -0.0509561 0.00401416
6.55 -0.0503137 0.00391704
6.58873 -0.0496833 0.00382285
6.61127 -0.0493219 0.00376933
6.65 -0.0487101 0.00367954
6.68873 -0.0481095 0.00359241
6.71127 -0.0477651 0.00354289
6.75 -0.0471819 0.00345978
6.78873 -0.0466093 0.00337909
6.81127 -0.0462809 0.00333322
6.85 -0.0457246 0.00325619
6.88873 -0.0451783 0.00318138
6.91127 -0.0448648 0.00313883
6.95 -0.0443338 0.00306737
6.98873 -0.0438122 0.00299793
7.01127 -0.0435128 0.00295842
7.05 -0.0430056 0.00289205
7.08873 -0.0425072 0.00282752
7.11127 -0.0422212 0.0027908
7.15 -0.0417363 0.00272908
7.18873 -0.0412598 0.00266906
7.21127 -0.0409862 0.00263489
7.25 -0.0405225 0.00257744
7.28873 -0.0400666 0.00252156
7.31127 -0.0398048 0.00248973
7.35 -0.039361 0.0024362
7.38873 -0.0389245 0.00238411
7.41127 -0.0386738 0.00235443
7.45 -0.0382488 0.00230451
7.48873 -0.0378307 0.00225591
7.51127 -0.0375905 0.00222821
7.55 -0.0371832 0.00218161
7.58873 -0.0367824 0.00213622
7.61127 -0.0365522 0.00211035
7.65 -0.0361616 0.0020668
7.68873 -0.0357773 0.00202437
7.71127 -0.0355564 0.00200018
7.75 -0.0351817 0.00195945
7.78873 -0.0348129 0.00191976
7.81127 -0.0346009 0.00189712
7.85 -0.0342412 0.00185899
7.88873 -0.0338871 0.00182182
7.91127 -0.0336835 0.00180061
7.95 -0.033338 0.00176489
7.98873 -0.0329978 0.00173006
8.01127 -0.0328022 0.00171018
8.05 -0.0324702 0.00167668
8.08873 -0.0321433 0.001644
8.11127 -0.0319552 0.00162535
8.15 -0.031636 0.00159392
8.18873 -0.0313216 0.00156324
8.21127 -0.0311407 0.00154573
8.25 -0.0308337 0.00151621
8.28873 -0.0305311 0.00148739
8.31127 -0.0303571 0.00147093
8.35 -0.0300616 0.00144318
8.38873 -0.0297703 0.00141608
8.41127 -0.0296028 0.0014006
8.45 -0.0293182 0.0013745
8.48873 -0.0290377 0.001349
8.51127 -0.0288764 0.00133444
8.55 -0.0286022 0.00130987
8.58873 -0.028332 0.00128586
8.61127 -0.0281765 0.00127214
8.65 -0.0279123 0.00124899
8.68873 -0.0276517 0.00122637
8.71127 -0.0275018 0.00121344
8.75 -0.0272471 0.00119162
8.78873 -0.0269958 0.00117028
8.81127 -0.0268512 0.00115809
8.85 -0.0266055 0.0011375
8.88873 -0.0263631 0.00111737
8.91127 -0.0262236 0.00110586
8.95 -0.0259864 0.00108643
8.98873 -0.0257525 0.00106743
9.01127 -0.0256178 0.00105656
9.05 -0.0253888 0.0010382
9.08873 -0.025163 0.00102024
9.11127 -0.0250329 0.00100997
9.15 -0.0248118 0.000992622
9.18873 -0.0245936 0.000975644
9.21127 -0.0244679 0.000965931
9.25 -0.0242543 0.000949522
9.28873 -0.0240435 0.000933461
9.31127 -0.023922 0.000924271
9.35 -0.0237156 0.000908743
9.38873 -0.0235118 0.000893541
9.41127 -0.0233944 0.00088484
9.45 -0.0231948 0.000870137
9.48873 -0.0229977 0.000855739
9.51127 -0.0228843 0.000847498
9.55 -0.0226912 0.000833569
9.58873 -0.0225007 0.000819927
9.61127 -0.022391 0.000812118
9.65 -0.0222043 0.000798917
9.68873 -0.0220201 0.000785988
9.71127 -0.0219141 0.000778586
9.75 -0.0217337 0.000766076
9.78873 -0.021556 0.000753828
9.81127 -0.0214538 0.000746822
9.85 -0.0212807 0.000735001
9.88873 -0.0211145 0.000723576
11.1575 -0.0164142 0.00044214
19.8 -0.00507785 4.35109e-05
87.8425 -0.000253777 1.10575e-07
