0 0 0
0.001 2.78388e-07 0
0.002 1.11357e-06 0
0.003 2.50556e-06 0
0.004 4.45444e-06 0
0.005 6.96028e-06 0
0.006 1.00232e-05 0
0.007 1.36433e-05 0
0.008 1.78207e-05 0
0.009 2.25556e-05 0
0.01 2.78482e-05 0
0.011 3.36987e-05 0
0.012 4.01074e-05 0
0.013 4.70745e-05 0
0.014 5.46003e-05 0
0.015 6.26851e-05 0
0.016 7.13293e-05 0
0.017 8.05331e-05 0
0.018 9.0297e-05 0
0.019 0.000100621 0
0.02 0.000111507 0
0.021 0.000122953 0
0.022 0.000134962 0
0.023 0.000147532 0
0.024 0.000160666 0
0.025 0.000174363 0
0.026 0.000188624 0
0.027 0.000203449 0
0.028 0.000218839 0
0.029 0.000234795 0
0.03 0.000251318 0
0.031 0.000268408 0
0.032 0.000286065 0
0.033 0.000304291 0
0.034 0.000323086 0
0.035 0.000342452 0
0.036 0.000362388 0
0.037 0.000382896 0
0.038 0.000403976 0
0.039 0.00042563 0
0.04 0.000447858 0
0.041 0.000470662 0
0.042 0.000494041 0
0.043 0.000517998 0
0.044 0.000542533 0
0.045 0.000567647 0
0.046 0.000593342 0
0.047 0.000619617 0
0.048 0.000646476 0
0.049 0.000673917 0
0.05 0.000701944 0
0.051 0.000730556 0
0.052 0.000759756 0
0.053 0.000789544 0
0.054 0.000819922 0
0.055 0.00085089 0
0.056 0.000882451 0
0.057 0.000914605 0
0.058 0.000947354 0
0.059 0.0009807 0
0.06 0.00101464 0
0.061 0.00104919 0
0.062 0.00108433 0
0.063 0.00112008 0
0.064 0.00115642 0
0.065 0.00119338 0
0.066 0.00123094 0
0.067 0.00126911 0
0.068 0.00130789 0
0.069 0.00134728 0
0.07 0.00138729 0
0.071 0.00142791 0
0.072 0.00146915 0
0.073 0.00151101 0
0.074 0.00155349 0
0.075 0.00159659 0
0.076 0.00164031 0
0.077 0.00168467 0
0.078 0.00172965 0
0.079 0.00177526 0
0.08 0.0018215 0
0.081 0.00186838 0
0.082 0.0019159 0
0.083 0.00196405 0
0.084 0.00201285 0
0.085 0.00206229 0
0.086 0.00211237 0
0.087 0.0021631 0
0.088 0.00221448 0
0.089 0.00226652 0
0.09 0.00231921 0
0.091 0.00237255 0
0.092 0.00242656 0
0.093 0.00248123 0
0.094 0.00253656 0
0.095 0.00259256 0
0.096 0.00264923 0
0.097 0.00270658 0
0.098 0.00276459 0
0.099 0.00282329 0
0.1 0.00288267 0
0.101 0.00294273 0
0.102 0.00300347 0
0.103 0.00306491 0
0.104 0.00312704 0
0.105 0.00318986 0
0.106 0.00325339 0
0.107 0.00331761 0
0.108 0.00338254 0
0.109 0.00344817 0
0.11 0.00351452 0
0.111 0.00358158 0
0.112 0.00364936 0
0.113 0.00371785 0
0.114 0.00378708 0
0.115 0.00385703 0
0.116 0.00392771 0
0.117 0.00399912 0
0.118 0.00407128 0
0.119 0.00414417 0
0.12 0.00421782 0
0.121 0.00429221 0
0.122 0.00436735 0
0.123 0.00444325 0
0.124 0.00451991 0
0.125 0.00459734 0
0.126 0.00467554 0
0.127 0.0047545 0
0.128 0.00483425 0
0.129 0.00491478 0
0.13 0.00499609 0
0.131 0.00507819 0
0.132 0.00516109 0
0.133 0.00524479 0
0.134 0.00532929 0
0.135 0.0054146 0
0.136 0.00550072 0
0.137 0.00558766 0
0.138 0.00567542 0
0.139 0.005764 0
0.14 0.00585342 0
0.141 0.00594368 0
0.142 0.00603478 0
0.143 0.00612672 0
0.144 0.00621952 0
0.145 0.00631318 0
0.146 0.0064077 0
0.147 0.00650309 0
0.148 0.00659935 0
0.149 0.00669649 0
0.15 0.00679452 0
0.151 0.00689344 0
0.152 0.00699326 0
0.153 0.00709399 0
0.154 0.00719562 0
0.155 0.00729816 0
0.156 0.00740163 0
0.157 0.00750603 0
0.158 0.00761137 0
0.159 0.00771764 0
0.16 0.00782487 0
0.161 0.00793304 0
0.162 0.00804219 0
0.163 0.0081523 0
0.164 0.00826338 0
0.165 0.00837545 0
0.166 0.00848851 0
0.167 0.00860257 0
0.168 0.00871764 0
0.169 0.00883372 0
0.17 0.00895082 0
0.171 0.00906895 0
0.172 0.00918812 0
0.173 0.00930834 0
0.174 0.00942961 0
0.175 0.00955195 0
0.176 0.00967535 0
0.177 0.00979984 0
0.178 0.00992542 0
0.179 0.0100521 0
0.18 0.0101799 0
0.181 0.0103088 0
0.182 0.0104388 0
0.183 0.01057 0
0.184 0.0107023 0
0.185 0.0108358 0
0.186 0.0109704 0
0.187 0.0111063 0
0.188 0.0112433 0
0.189 0.0113815 0
0.19 0.0115209 0
0.191 0.0116616 0
0.192 0.0118035 0
0.193 0.0119466 0
0.194 0.012091 0
0.195 0.0122367 0
0.196 0.0123837 0
0.197 0.0125319 0
0.198 0.0126815 0
0.199 0.0128324 0
0.2 0.0129846 0
0.201 0.0131382 0
0.202 0.0132932 0
0.203 0.0134496 0
0.204 0.0136073 0
0.205 0.0137665 0
0.206 0.0139271 0
0.207 0.0140891 0
0.208 0.0142526 0
0.209 0.0144176 0
0.21 0.0145841 0
0.211 0.0147521 0
0.212 0.0149217 0
0.213 0.0150928 0
0.214 0.0152654 0
0.215 0.0154397 0
0.216 0.0156156 0
0.217 0.0157931 0
0.218 0.0159723 0
0.219 0.0161531 0
0.22 0.0163357 0
0.221 0.01652 0
0.222 0.016706 0
0.223 0.0168939 0
0.224 0.0170835 0
0.225 0.017275 0
0.226 0.0174683 0
0.227 0.0176635 0
0.228 0.0178606 0
0.229 0.0180597 0
0.23 0.0182607 0
0.231 0.0184638 0
0.232 0.0186689 0
0.233 0.0188761 0
0.234 0.0190854 0
0.235 0.0192969 0
0.236 0.0195106 0
0.237 0.0197265 0
0.238 0.0199447 0
0.239 0.0201653 0
0.24 0.0203882 0
0.241 0.0206135 0
0.242 0.0208414 0
0.243 0.0210717 0
0.244 0.0213047 0
0.245 0.0215403 0
0.246 0.0217787 0
0.247 0.0220198 0
0.248 0.0222639 0
0.249 0.0225108 0
0.25 0.0227608 0
0.251 0.0230139 0
0.252 0.0232702 0
0.253 0.0235298 0
0.254 0.0237929 0
0.255 0.0240594 0
0.256 0.0243297 0
0.257 0.0246037 0
0.258 0.0248817 0
0.259 0.0251639 0
0.26 0.0254503 0
0.261 0.0257413 0
0.262 0.026037 0
0.263 0.0263377 0
0.264 0.0266438 0
0.265 0.0269555 0
0.266 0.0272732 0
0.267 0.0275974 0
0.268 0.0279287 0
0.269 0.0282677 0
0.27 0.0286152 0
0.271 0.0289722 0
0.272 0.0293402 0
0.273 0.0297208 0
0.274 0.0301166 0
0.275 0.0305313 0
0.276 0.0309713 0
0.277 0.0314484 0
0.278 0.0319915 0
0.279 0.0327178 0
0.279247 0.0330366 0.000199493
0.279408 0.0330726 0.000338481
0.279569 0.0331085 0.00042679
0.279663 0.0331415 0.000473301
0.279824 0.0331883 0.000544416
0.279985 0.0332353 0.000605832
0.280079 0.0332646 0.000639789
0.28024 0.0333128 0.000694955
0.280401 0.033361 0.000745537
0.280495 0.0333899 0.000774005
0.280656 0.0334386 0.000821189
0.280817 0.0334872 0.000865607
0.280911 0.0335161 0.000890838
0.281072 0.033565 0.000933079
0.281233 0.033614 0.000973438
0.281327 0.0336428 0.000996493
0.281488 0.0336919 0.00103533
0.281649 0.0337411 0.00107278
0.281743 0.0337699 0.00109426
0.281904 0.0338192 0.00113058
0.282065 0.0338685 0.00116586
0.282159 0.0338974 0.00118613
0.28232 0.0339468 0.00122053
0.282481 0.0339963 0.00125409
0.282575 0.0340252 0.00127343
0.282736 0.0340748 0.00130629
0.282897 0.0341244 0.00133848
0.282991 0.0341534 0.00135705
0.283152 0.0342031 0.00138868
0.283313 0.0342528 0.00141974
0.283407 0.0342819 0.00143769
0.283568 0.0343317 0.00146829
0.283729 0.0343815 0.00149841
0.283823 0.0344106 0.00151584
0.283984 0.0344606 0.00154558
0.284145 0.0345105 0.00157492
0.284239 0.0345397 0.0015919
0.2844 0.0345898 0.00162091
0.284561 0.0346398 0.00164958
0.284655 0.0346691 0.00166619
0.284816 0.0347193 0.00169458
0.284977 0.0347695 0.00172267
0.285071 0.0347988 0.00173895
0.285232 0.0348491 0.0017668
0.285393 0.0348994 0.0017944
0.285487 0.0349288 0.0018104
0.285648 0.0349792 0.00183779
0.285809 0.0350296 0.00186496
0.285903 0.0350591 0.00188072
0.286064 0.0351096 0.00190771
0.286225 0.0351601 0.00193449
0.286319 0.0351896 0.00195004
0.28648 0.0352403 0.00197668
0.286641 0.035291 0.00200314
0.286735 0.0353205 0.00201851
0.286896 0.0353713 0.00204484
0.287057 0.0354221 0.00207102
0.287151 0.0354517 0.00208622
0.287312 0.0355026 0.00211229
0.287473 0.0355535 0.00213821
0.287567 0.0355832 0.00215328
0.287728 0.0356342 0.00217911
0.287889 0.0356852 0.00220482
0.287983 0.035715 0.00221976
0.288144 0.0357661 0.00224538
0.288305 0.0358172 0.0022709
0.288399 0.035847 0.00228573
0.28856 0.0358983 0.00231118
0.288721 0.0359495 0.00233653
0.288815 0.0359794 0.00235127
0.288976 0.0360307 0.00237656
0.289137 0.0360821 0.00240177
0.289231 0.0361121 0.00241643
0.289392 0.0361635 0.00244159
0.289553 0.036215 0.00246667
0.289647 0.036245 0.00248125
0.289808 0.0362966 0.0025063
0.289969 0.0363482 0.00253127
0.290063 0.0363783 0.0025458
0.290224 0.0364299 0.00257075
0.290385 0.0364817 0.00259563
0.290479 0.0365118 0.00261011
0.29064 0.0365636 0.00263497
0.290801 0.0366154 0.00265977
0.290895 0.0366457 0.00267421
0.291056 0.0366976 0.002699
0.291217 0.0367495 0.00272375
0.291311 0.0367798 0.00273815
0.291472 0.0368318 0.00276288
0.291633 0.0368839 0.00278758
0.291727 0.0369142 0.00280195
0.291888 0.0369663 0.00282664
0.292049 0.0370185 0.00285129
0.292143 0.0370489 0.00286564
0.292304 0.0371012 0.0028903
0.292465 0.0371535 0.00291493
0.292559 0.0371839 0.00292926
0.29272 0.0372363 0.00295389
0.292881 0.0372887 0.0029785
0.292975 0.0373192 0.00299282
0.293136 0.0373717 0.00301744
0.293297 0.0374242 0.00304203
0.293391 0.0374548 0.00305635
0.293552 0.0375074 0.00308096
0.293713 0.03756 0.00310556
0.293807 0.0375907 0.00311988
0.293968 0.0376434 0.00314449
0.294129 0.0376961 0.00316908
0.294223 0.0377269 0.00318341
0.294384 0.0377797 0.00320803
0.294545 0.0378325 0.00323264
0.294639 0.0378633 0.00324697
0.2948 0.0379163 0.0032716
0.294961 0.0379692 0.00329623
0.295055 0.0380001 0.00331058
0.295216 0.0380531 0.00333523
0.295377 0.0381062 0.00335989
0.295471 0.0381371 0.00337425
0.295632 0.0381903 0.00339893
0.295793 0.0382435 0.00342362
0.295887 0.0382744 0.00343799
0.296048 0.0383277 0.00346271
0.296209 0.038381 0.00348743
0.296303 0.0384121 0.00350183
0.296464 0.0384654 0.00352659
0.296625 0.0385188 0.00355135
0.296719 0.03855 0.00356578
0.29688 0.0386034 0.00359058
0.297041 0.038657 0.00361539
0.297135 0.0386882 0.00362984
0.297296 0.0387417 0.00365469
0.297457 0.0387954 0.00367955
0.297551 0.0388266 0.00369403
0.297712 0.0388803 0.00371894
0.297873 0.0389341 0.00374385
0.297967 0.0389654 0.00375837
0.298128 0.0390192 0.00378333
0.298289 0.0390731 0.00380831
0.298383 0.0391044 0.00382286
0.298544 0.0391583 0.00384788
0.298705 0.0392123 0.00387292
0.298799 0.0392437 0.00388751
0.29896 0.0392978 0.0039126
0.299121 0.0393518 0.00393771
0.299215 0.0393833 0.00395233
0.299376 0.0394375 0.00397749
0.299537 0.0394916 0.00400267
0.299631 0.0395232 0.00401734
0.299792 0.0395774 0.00404256
0.299953 0.0396315 0.0040678
0.300774 0.0399095 0.0041967
0.303436 0.0408165 0.00462195
0.306098 0.0417344 0.00505708
0.307646 0.0422745 0.00531604
0.310308 0.0432107 0.0057713
0.31297 0.0441576 0.00624014
0.314518 0.0447141 0.00651992
0.31718 0.0456784 0.00701297
0.319842 0.0466531 0.0075221
0.32139 0.0472253 0.00782625
0.324052 0.0482164 0.00836269
0.326714 0.0492173 0.0089172
0.328262 0.0498043 0.00924851
0.330924 0.0508205 0.00983294
0.333586 0.0518457 0.0104371
0.335134 0.0524465 0.010798
0.337796 0.0534859 0.0114344
0.340458 0.0545334 0.0120921
0.342006 0.0551467 0.0124847
0.344668 0.0562069 0.0131767
0.34733 0.0572742 0.0138913
0.348878 0.0578986 0.0143176
0.35154 0.0589771 0.0150685
0.354202 0.0600617 0.0158432
0.35575 0.0606956 0.016305
0.358412 0.0617895 0.0171178
0.361074 0.0628884 0.0179555
0.362622 0.06353 0.0184545
0.365284 0.0646362 0.0193319
0.367946 0.0657461 0.0202352
0.369494 0.0663935 0.0207728
0.372156 0.0675086 0.0217174
0.374818 0.0686261 0.0226887
0.376366 0.0692772 0.0232662
0.379028 0.0703977 0.02428
0.38169 0.071519 0.0253213
0.383238 0.0721717 0.0259399
0.3859 0.0732936 0.0270247
0.388562 0.0744149 0.0281378
0.39011 0.0750668 0.0287983
0.392772 0.0761862 0.0299557
0.395434 0.0773033 0.0311418
0.396982 0.0779521 0.031845
0.399644 0.0790647 0.033076
0.402306 0.0801735 0.034336
0.403854 0.0808167 0.0350825
0.406516 0.0819184 0.0363879
0.409178 0.0830147 0.0377224
0.410726 0.0836498 0.0385122
0.413388 0.0847363 0.0398923
0.41605 0.0858157 0.0413015
0.417598 0.0864402 0.0421348
0.42026 0.0875072 0.0435895
0.422922 0.0885654 0.0450732
0.42447 0.089177 0.0459497
0.427132 0.0902203 0.0474785
0.429794 0.0912532 0.049036
0.431342 0.0918493 0.0499554
0.434004 0.0928648 0.0515574
0.436666 0.0938684 0.0531877
0.438214 0.0944468 0.0541492
0.440876 0.0954305 0.0558232
0.443538 0.0964009 0.0575249
0.445086 0.0969593 0.0585277
0.447748 0.0979076 0.0602722
0.45041 0.0988413 0.0620435
0.451958 0.0993777 0.0630866
0.45462 0.100287 0.0648996
0.457282 0.101181 0.0667386
0.45883 0.101693 0.0678207
0.461492 0.10256 0.0697001
0.464154 0.103411 0.0716045
0.465702 0.103898 0.0727243
0.468364 0.10472 0.0746677
0.471026 0.105525 0.0766351
0.472574 0.105985 0.0777911
0.475236 0.10676 0.0797959
0.477898 0.107516 0.0818236
0.479446 0.107948 0.0830144
0.482108 0.108674 0.0850779
0.48477 0.10938 0.0871633
0.486318 0.109782 0.0883872
0.48898 0.110457 0.0905068
0.491642 0.111112 0.0926471
0.49319 0.111484 0.0939024
0.495852 0.112106 0.0960753
0.498514 0.112708 0.0982678
0.500062 0.113049 0.0995531
0.502724 0.113619 0.101777
0.505386 0.114167 0.104019
0.506934 0.114477 0.105332
0.509596 0.114993 0.107604
0.512258 0.115488 0.109893
0.513806 0.115766 0.111234
0.516468 0.116228 0.113551
0.51913 0.116669 0.115884
0.520678 0.116917 0.117251
0.52334 0.117325 0.119611
0.526002 0.117712 0.121987
0.52755 0.117929 0.123378
0.530212 0.118284 0.125779
0.532874 0.118619 0.128196
0.534422 0.118805 0.12961
0.537084 0.119107 0.132052
0.539746 0.11939 0.134507
0.541294 0.119546 0.135944
0.543956 0.119797 0.138423
0.546618 0.120029 0.140917
0.548166 0.120155 0.142375
0.550828 0.120356 0.144892
0.55349 0.120539 0.147422
0.555038 0.120636 0.148902
0.5577 0.120789 0.151455
0.560362 0.120923 0.154021
0.56191 0.120993 0.155522
0.564572 0.121098 0.158111
0.567234 0.121185 0.160713
0.568782 0.121229 0.162235
0.571444 0.121288 0.164861
0.574106 0.121331 0.167499
0.575654 0.121348 0.169042
0.578316 0.121364 0.171704
0.580978 0.121363 0.174379
0.582526 0.121355 0.175944
0.585188 0.121328 0.178643
0.58785 0.121286 0.181356
0.589398 0.121255 0.182943
0.59206 0.121187 0.185681
0.594722 0.121105 0.188433
0.59627 0.121051 0.190044
0.598932 0.120944 0.192822
0.601594 0.120823 0.195615
0.603142 0.120747 0.19725
0.605804 0.120603 0.20007
0.608466 0.120445 0.202907
0.610014 0.120348 0.204567
0.612676 0.120168 0.207433
0.615338 0.119975 0.210315
0.616886 0.119857 0.212003
0.619548 0.119642 0.214917
0.62221 0.119415 0.217848
0.623758 0.119277 0.219566
0.62642 0.119029 0.22253
0.629082 0.118769 0.225515
0.63063 0.118612 0.227263
0.633292 0.118331 0.230283
0.635954 0.118039 0.233324
0.637502 0.117863 0.235106
0.640164 0.117551 0.238185
0.642826 0.117227 0.241287
0.644374 0.117034 0.243106
0.647036 0.11669 0.246249
0.649698 0.116336 0.249417
0.651246 0.116124 0.251276
0.653908 0.11575 0.254488
0.65657 0.115365 0.257727
0.658118 0.115136 0.259628
0.66078 0.114731 0.262915
0.663442 0.114315 0.266232
0.66499 0.114068 0.268179
0.667652 0.113633 0.271547
0.670314 0.113186 0.274948
0.671862 0.112921 0.276945
0.674524 0.112454 0.280401
0.677186 0.111976 0.283892
0.678734 0.111693 0.285943
0.681396 0.111194 0.289494
0.684058 0.110684 0.293083
0.685606 0.110381 0.295193
0.688268 0.10985 0.298847
0.69093 0.109306 0.302543
0.692478 0.108984 0.304716
0.69514 0.108418 0.308482
0.697802 0.107838 0.312293
0.69935 0.107495 0.314535
0.702012 0.106893 0.318422
0.704674 0.106276 0.322358
0.706222 0.10591 0.324674
0.708884 0.105269 0.328693
0.711546 0.104612 0.332764
0.713094 0.104223 0.335161
0.715756 0.10354 0.339322
0.718418 0.10284 0.343541
0.719966 0.102425 0.346025
0.722628 0.101696 0.35034
0.72529 0.100949 0.354718
0.726838 0.100506 0.357298
0.7295 0.099728 0.36178
0.732162 0.0989297 0.366331
0.73371 0.0984557 0.369013
0.736372 0.097623 0.373677
0.739034 0.096768 0.378416
0.740582 0.0962599 0.38121
0.743244 0.0953669 0.386071
0.745906 0.094449 0.391013
0.747454 0.093903 0.393929
0.750116 0.0929429 0.399005
0.752778 0.0919549 0.404169
0.754326 0.0913667 0.407217
0.756988 0.0903316 0.412526
0.75965 0.089265 0.41793
0.761198 0.0886294 0.421122
0.76386 0.08751 0.426685
0.766522 0.086355 0.432352
0.76807 0.085666 0.435701
0.770732 0.0844516 0.44154
0.773394 0.0831967 0.447493
0.774942 0.0824473 0.451013
0.777604 0.0811253 0.457155
0.780266 0.079757 0.463421
0.781814 0.0789391 0.467127
0.784476 0.0774946 0.473599
0.787138 0.0759972 0.480206
0.788686 0.0751012 0.484117
0.791348 0.0735169 0.49095
0.79401 0.0718721 0.497933
0.795558 0.0708865 0.502067
0.79822 0.0691422 0.509297
0.800882 0.067328 0.51669
0.80243 0.0662397 0.521071
0.805092 0.0643112 0.528736
0.807754 0.062302 0.536581
0.809302 0.0610951 0.541233
0.811964 0.0589539 0.549378
0.814626 0.0567191 0.557721
0.816174 0.0553749 0.562671
0.818836 0.0529871 0.571345
0.821498 0.05049 0.580239
0.823046 0.0489861 0.585519
0.825708 0.046311 0.594779
0.82837 0.043508 0.604283
0.829918 0.0418174 0.609928
0.83258 0.0388059 0.619838
0.835242 0.0356441 0.630018
0.83679 0.0337343 0.63607
0.839452 0.0303271 0.646702
0.842114 0.0267422 0.657636
0.843662 0.0245735 0.664141
0.846324 0.0206982 0.675579
0.848986 0.0166116 0.687355
0.850534 0.0141354 0.694365
0.853196 0.00970316 0.706706
0.855858 0.00501803 0.719426
0.857406 0.00217424 0.727003
0.860068 -0.00292523 0.740357
0.86273 -0.0083293 0.754136
0.864278 -0.0116155 0.762351
0.86694 -0.0175199 0.776845
0.869602 -0.0237939 0.79182
0.87115 -0.0276165 0.800754
0.873812 -0.0344996 0.816537
0.876474 -0.0418348 0.832863
0.878022 -0.0463135 0.84261
0.880684 -0.0543965 0.859853
0.883346 -0.0630379 0.877712
0.884894 -0.0683261 0.888382
0.887556 -0.0778946 0.907283
0.890218 -0.0881595 0.926884
0.891766 -0.0944566 0.938602
0.894428 -0.105883 0.95939
0.89709 -0.118188 0.980975
0.898638 -0.125756 0.993884
0.9013 -0.139534 1.01682
0.903962 -0.154432 1.04066
0.90551 -0.163623 1.05492
0.908172 -0.180413 1.0803
0.910834 -0.198652 1.1067
0.912382 -0.20994 1.12249
0.915044 -0.230644 1.15063
0.917706 -0.253252 1.1799
0.919254 -0.267292 1.19739
0.921916 -0.29316 1.2286
0.924578 -0.32157 1.26105
0.926126 -0.339278 1.28038
0.928788 -0.372076 1.31492
0.93145 -0.408325 1.35073
0.932998 -0.431005 1.37194
0.93566 -0.473267 1.40987
0.938322 -0.5203 1.44893
0.93987 -0.549837 1.47181
0.942532 -0.605263 1.51268
0.945194 -0.667394 1.55415
0.946742 -0.706535 1.5779
0.949404 -0.780577 1.62007
0.952066 -0.864157 1.6614
0.953614 -0.916886 1.68388
0.956276 -1.01754 1.72301
0.958938 -1.13173 1.75777
0.960486 -1.20359 1.77385
0.963148 -1.34204 1.79935
0.96581 -1.49888 1.81223
0.967358 -1.59655 1.81021
0.97002 -1.78571 1.79742
0.972682 -1.99591 1.75335
0.97423 -2.12353 1.70797
0.976892 -2.36621 1.60138
0.979554 -2.62229 1.42692
0.981102 -2.73814 1.27246
0.983764 -3.02523 0.970001
0.986426 -3.15496 0.367399
0.987218 -3.0722 0.11377
0.98728 -3.03703 0.0974128
0.987342 -3.0087 0.097785
0.987378 -3.00215 0.0971528
0.98744 -2.98778 0.0930644
0.987502 -2.97466 0.0889079
0.987538 -2.96752 0.0864922
0.9876 -2.95599 0.0822868
0.987662 -2.94519 0.078069
0.987698 -2.93919 0.075634
0.98776 -2.92934 0.071429
0.987822 -2.91996 0.0672265
0.987858 -2.91469 0.0648004
0.98792 -2.90595 0.0606223
0.987982 -2.89754 0.056451
0.988018 -2.89279 0.0540414
0.98808 -2.88486 0.049897
0.988142 -2.87718 0.0457608
0.988178 -2.87282 0.0433699
0.98824 -2.86551 0.0392604
0.988302 -2.8584 0.0351591
0.988338 -2.85435 0.032787
0.9884 -2.84754 0.0287112
0.988462 -2.84089 0.0246432
0.988498 -2.83709 0.0222891
0.98856 -2.83069 0.018245
0.988622 -2.82443 0.0142079
0.988658 -2.82084 0.0118706
0.98872 -2.81479 0.00785574
0.988782 -2.80885 0.00384684
0.988818 -2.80545 0.00152495
0.98888 -2.79969 -0.00246341
0.988942 -2.79403 -0.0064468
0.988978 -2.79078 -0.00875483
0.98904 -2.78528 -0.0127195
0.989102 -2.77986 -0.0166801
0.989138 -2.77675 -0.0189759
0.9892 -2.77147 -0.0229195
0.989262 -2.76627 -0.0268603
0.989298 -2.76327 -0.0291453
0.98936 -2.75819 -0.0330708
0.989422 -2.75318 -0.0369945
0.989458 -2.7503 -0.0392703
0.98952 -2.74539 -0.0431804
0.989582 -2.74055 -0.0470898
0.989618 -2.73776 -0.0493581
0.98968 -2.73301 -0.0532555
0.989742 -2.72832 -0.0571534
0.989778 -2.72562 -0.0594157
0.98984 -2.72101 -0.0633033
0.989902 -2.71646 -0.0671925
0.989938 -2.71383 -0.0694503
0.99 -2.70935 -0.0733308
0.990062 -2.70492 -0.0772141
0.990098 -2.70236 -0.0794692
0.99016 -2.698 -0.0833455
0.990222 -2.69369 -0.0872257
0.990258 -2.69119 -0.0894796
0.99032 -2.68694 -0.0933545
0.990382 -2.68272 -0.0972346
0.990418 -2.68028 -0.0994891
0.99048 -2.67612 -0.103365
0.990542 -2.672 -0.107248
0.990578 -2.66961 -0.109505
0.99064 -2.66554 -0.113386
0.990702 -2.6615 -0.117275
0.990738 -2.65915 -0.119536
0.9908 -2.65516 -0.123424
0.990862 -2.6512 -0.127322
0.990898 -2.6489 -0.129589
0.99096 -2.64498 -0.133488
0.991022 -2.64108 -0.137398
0.991058 -2.63882 -0.139673
0.99112 -2.63497 -0.143586
0.991182 -2.63113 -0.147512
0.991218 -2.62891 -0.149797
0.99128 -2.62511 -0.153728
0.991342 -2.62133 -0.157674
0.991378 -2.61914 -0.15997
0.99144 -2.61539 -0.163923
0.991502 -2.61166 -0.167892
0.991538 -2.60949 -0.170203
0.9916 -2.60579 -0.174182
0.991662 -2.60211 -0.178179
0.991698 -2.59997 -0.180507
0.99176 -2.59631 -0.184515
0.991822 -2.59266 -0.188545
0.991858 -2.59054 -0.190892
0.99192 -2.58691 -0.194936
0.991982 -2.58329 -0.199002
0.992018 -2.58119 -0.201372
0.99208 -2.57759 -0.205456
0.992142 -2.574 -0.209565
0.992178 -2.57191 -0.211961
0.99224 -2.56833 -0.21609
0.992302 -2.56476 -0.220248
0.992338 -2.56268 -0.222674
0.9924 -2.55912 -0.226855
0.992462 -2.55557 -0.231069
0.992498 -2.55349 -0.233528
0.99256 -2.54994 -0.237769
0.992622 -2.54639 -0.242047
0.992658 -2.54432 -0.244544
0.99272 -2.54078 -0.248853
0.992782 -2.53723 -0.253203
0.992818 -2.53515 -0.255743
0.99288 -2.5316 -0.26013
0.992942 -2.52805 -0.264562
0.992978 -2.52596 -0.267152
0.99304 -2.5224 -0.271627
0.993102 -2.51883 -0.276154
0.993138 -2.51673 -0.278801
0.9932 -2.51315 -0.283377
0.993262 -2.50955 -0.288013
0.993298 -2.50743 -0.290726
0.99336 -2.50382 -0.295419
0.993422 -2.50018 -0.30018
0.993458 -2.49804 -0.30297
0.99352 -2.49438 -0.307799
0.993582 -2.49069 -0.312708
0.993618 -2.48851 -0.315587
0.99368 -2.48479 -0.320575
0.993742 -2.48103 -0.325658
0.993778 -2.47881 -0.328643
0.99384 -2.475 -0.333821
0.993902 -2.47115 -0.339113
0.993938 -2.46886 -0.342225
0.994 -2.46495 -0.347632
0.994062 -2.46098 -0.353179
0.994098 -2.45861 -0.356448
0.99416 -2.45456 -0.362138
0.994222 -2.45043 -0.368004
0.994258 -2.44795 -0.371469
0.99432 -2.4437 -0.377518
0.994382 -2.43936 -0.383796
0.994418 -2.43672 -0.387519
0.99448 -2.43221 -0.394042
0.994542 -2.42755 -0.400877
0.994578 -2.42468 -0.404955
0.99464 -2.41978 -0.412138
0.994702 -2.41464 -0.419784
0.994738 -2.4114 -0.424393
0.9948 -2.40586 -0.432583
0.994862 -2.39989 -0.441553
0.994898 -2.39595 -0.447077
0.99496 -2.38918 -0.45708
0.995022 -2.38158 -0.468707
0.995058 -2.37374 -0.477191
0.99512 -2.36616 -0.491164
0.995182 -2.33797 -0.523386
0.995436 -2.27318 -0.488412
0.996248 -2.17819 -0.463699
0.99706 -2.1151 -0.45247
0.997532 -2.08196 -0.444468
0.998344 -2.03534 -0.437339
0.999156 -1.99414 -0.432245
0.999628 -1.97199 -0.430034
1.00044 -1.93692 -0.426948
1.00125 -1.90482 -0.425047
1.00172 -1.88706 -0.424193
1.00254 -1.85845 -0.423159
1.00335 -1.83168 -0.422761
1.00382 -1.81677 -0.422628
1.00463 -1.79236 -0.422771
1.00544 -1.76923 -0.423193
1.00592 -1.75635 -0.423525
1.00673 -1.73494 -0.424368
1.00754 -1.7145 -0.425269
1.00801 -1.70308 -0.425918
1.00882 -1.684 -0.427127
1.00964 -1.66569 -0.428405
1.01011 -1.65537 -0.429234
1.01092 -1.63815 -0.430667
1.01173 -1.62155 -0.432214
1.0122 -1.6121 -0.433141
1.01302 -1.59639 -0.434716
1.01383 -1.58118 -0.43644
1.0143 -1.57249 -0.437373
1.01511 -1.55803 -0.439092
1.01592 -1.54396 -0.440861
1.0164 -1.53596 -0.441874
1.01721 -1.52252 -0.44367
1.01802 -1.50944 -0.445453
1.01849 -1.50201 -0.446519
1.0193 -1.48944 -0.448351
1.02012 -1.47721 -0.450134
1.02059 -1.47026 -0.451226
1.0214 -1.45849 -0.453053
1.02221 -1.44702 -0.454877
1.02268 -1.44045 -0.45595
1.0235 -1.42939 -0.457767
1.02431 -1.41857 -0.459608
1.02478 -1.41236 -0.460654
1.02559 -1.40191 -0.462455
1.0264 -1.39167 -0.464285
1.02688 -1.38579 -0.465306
1.02769 -1.37588 -0.467101
1.0285 -1.36616 -0.468885
1.02897 -1.36059 -0.469916
1.02978 -1.35115 -0.471684
1.0306 -1.3419 -0.473423
1.03107 -1.3366 -0.474451
1.03188 -1.32759 -0.476186
1.03269 -1.31876 -0.477891
1.03316 -1.3137 -0.4789
1.03398 -1.30511 -0.480597
1.03479 -1.29666 -0.482285
1.03526 -1.2918 -0.483261
1.03607 -1.28358 -0.484921
1.03688 -1.27548 -0.486584
1.03736 -1.27082 -0.487525
1.03817 -1.26293 -0.489152
1.03898 -1.25516 -0.490775
1.03945 -1.25069 -0.491698
1.04026 -1.2431 -0.493292
1.04108 -1.23562 -0.494866
1.04155 -1.23133 -0.49578
1.04236 -1.22401 -0.497334
1.04317 -1.21681 -0.498862
1.04364 -1.21267 -0.49976
1.04446 -1.20562 -0.501273
1.04527 -1.19867 -0.502766
1.04574 -1.19467 -0.503636
1.04655 -1.18786 -0.505106
1.04736 -1.18115 -0.506564
1.04784 -1.17727 -0.507399
1.04865 -1.17069 -0.508815
1.04946 -1.16417 -0.510212
1.04993 -1.16038 -0.510923
1.05074 -1.15421 -0.512168
1.05156 -1.14816 -0.513621
1.05203 -1.14462 -0.514476
1.05284 -1.13855 -0.51603
1.05365 -1.13246 -0.517583
1.05412 -1.12886 -0.518504
1.05494 -1.12261 -0.519818
1.05575 -1.11669 -0.520758
1.05622 -1.1135 -0.521686
1.05703 -1.10779 -0.523003
1.05784 -1.10213 -0.52446
1.05832 -1.09881 -0.525265
1.05913 -1.09308 -0.526689
1.05994 -1.0873 -0.528008
1.06041 -1.08403 -0.528471
1.06122 -1.07871 -0.529689
1.06204 -1.0734 -0.530984
1.06251 -1.0703 -0.531755
1.06332 -1.06497 -0.533096
1.06413 -1.05962 -0.534421
1.0646 -1.05645 -0.535118
1.06542 -1.0512 -0.536197
1.06623 -1.04613 -0.537252
1.0667 -1.04326 -0.538011
1.06751 -1.03824 -0.539236
1.06832 -1.03323 -0.540505
1.0688 -1.03029 -0.541231
1.06961 -1.02522 -0.542397
1.07042 -1.02026 -0.5434
1.07089 -1.01751 -0.544021
1.0717 -1.01277 -0.54514
1.07252 -1.00805 -0.546324
1.07299 -1.00529 -0.547004
1.0738 -1.00055 -0.548187
1.07461 -0.995775 -0.549332
1.07508 -0.992981 -0.549865
1.0759 -0.988456 -0.55083
1.07671 -0.983988 -0.55193
1.07718 -0.981369 -0.55255
1.07799 -0.976892 -0.553681
1.0788 -0.972403 -0.554794
1.07928 -0.969769 -0.555443
1.08009 -0.965253 -0.556421
1.0809 -0.960913 -0.557263
1.08137 -0.958488 -0.55795
1.08218 -0.954211 -0.558966
1.083 -0.949963 -0.560047
1.08347 -0.947471 -0.560647
1.08428 -0.943191 -0.56169
1.08509 -0.938912 -0.562658
1.08556 -0.936501 -0.563109
1.08638 -0.932442 -0.564083
1.08719 -0.928384 -0.565082
1.08766 -0.926023 -0.565671
1.08847 -0.921958 -0.566681
1.08928 -0.917885 -0.567678
1.08976 -0.915491 -0.5682
1.09057 -0.911521 -0.569066
1.09138 -0.907627 -0.569968
1.09185 -0.905376 -0.570531
1.09266 -0.901494 -0.571491
1.09348 -0.897616 -0.572458
1.09395 -0.895346 -0.57302
1.09476 -0.89144 -0.573915
1.09557 -0.887625 -0.574714
1.09604 -0.885476 -0.575258
1.09686 -0.88175 -0.576148
1.09767 -0.878039 -0.577082
1.09814 -0.875875 -0.577602
1.09895 -0.872148 -0.578527
1.09976 -0.868427 -0.579393
1.10101 -0.862833 -0.580697
1.1045 -0.847473 -0.584348
1.10799 -0.832573 -0.587856
1.11001 -0.824022 -0.590007
1.1135 -0.809724 -0.59333
1.11699 -0.795783 -0.596795
1.11901 -0.787733 -0.598642
1.1225 -0.774281 -0.601916
1.12599 -0.761068 -0.605138
1.12801 -0.753522 -0.606914
1.1315 -0.740752 -0.610056
1.13499 -0.728182 -0.613096
1.13701 -0.721028 -0.614791
1.1405 -0.708844 -0.617788
1.14399 -0.696879 -0.620642
1.14601 -0.690024 -0.622386
1.1495 -0.678342 -0.625194
1.15299 -0.666868 -0.627989
1.15501 -0.660229 -0.629624
1.1585 -0.649002 -0.632325
1.16199 -0.63791 -0.635067
1.16401 -0.631487 -0.636584
1.1675 -0.620594 -0.639236
1.17099 -0.609793 -0.641848
1.17301 -0.603565 -0.643327
1.1765 -0.59293 -0.645886
1.17999 -0.58237 -0.648387
1.18201 -0.57628 -0.649813
1.1855 -0.56585 -0.652265
1.18899 -0.555493 -0.654646
1.19101 -0.549495 -0.656049
1.1945 -0.53922 -0.658368
1.19799 -0.528999 -0.660658
1.20001 -0.523055 -0.661957
1.2035 -0.512922 -0.664154
1.20699 -0.50281 -0.666353
1.20901 -0.496927 -0.667591
1.2125 -0.486804 -0.669727
1.21599 -0.476676 -0.671773
1.21801 -0.470773 -0.672972
1.2215 -0.46061 -0.674904
1.22499 -0.450444 -0.676777
1.22701 -0.444489 -0.677842
1.2305 -0.43427 -0.679549
1.23399 -0.42401 -0.681203
1.23601 -0.418018 -0.682052
1.2395 -0.407714 -0.683518
1.24299 -0.397352 -0.684838
1.24501 -0.391331 -0.685528
1.2485 -0.380906 -0.686658
1.25199 -0.370455 -0.687582
1.25401 -0.36437 -0.688102
1.2575 -0.353855 -0.688791
1.26099 -0.343325 -0.689322
1.26301 -0.337166 -0.68956
1.2665 -0.32658 -0.689783
1.26999 -0.31598 -0.689833
1.27201 -0.309767 -0.689778
1.2755 -0.299123 -0.689464
1.27899 -0.288443 -0.68898
1.28101 -0.28223 -0.688488
1.2845 -0.271552 -0.687612
1.28799 -0.260859 -0.686399
1.29001 -0.25468 -0.685585
1.2935 -0.24401 -0.683934
1.29699 -0.23342 -0.681902
1.29901 -0.227277 -0.680622
1.3025 -0.216856 -0.677964
1.30599 -0.206709 -0.674963
1.30801 -0.200947 -0.673101
1.3115 -0.191283 -0.669709
1.31499 -0.181897 -0.666143
1.31701 -0.176559 -0.663997
1.3205 -0.167597 -0.660194
1.32399 -0.158889 -0.65627
1.32601 -0.153934 -0.653942
1.3295 -0.145613 -0.649856
1.33299 -0.137526 -0.645689
1.33501 -0.132924 -0.64323
1.3385 -0.125193 -0.638951
1.34199 -0.117677 -0.634615
1.34401 -0.113399 -0.63207
1.3475 -0.106213 -0.627659
1.35099 -0.099225 -0.623211
1.35301 -0.0952474 -0.620608
1.3565 -0.0885635 -0.616113
1.35999 -0.0820636 -0.611595
1.36201 -0.078363 -0.608959
1.3655 -0.072144 -0.604415
1.36899 -0.0660952 -0.599862
1.37101 -0.0626511 -0.59721
1.3745 -0.0568621 -0.592647
1.37799 -0.0512306 -0.588084
1.38001 -0.0480238 -0.58543
1.3835 -0.0426329 -0.580872
1.38699 -0.037388 -0.57632
1.38901 -0.034401 -0.573675
1.3925 -0.0293789 -0.569138
1.39599 -0.0244921 -0.564613
1.39801 -0.0217087 -0.561987
1.4015 -0.0170285 -0.557486
1.40499 -0.0124739 -0.553002
1.40701 -0.00987943 -0.550401
1.4105 -0.00551645 -0.545947
1.41399 -0.00127002 -0.541513
1.41601 0.00114904 -0.538943
1.4195 0.00521745 -0.534545
1.42299 0.00917757 -0.53017
1.42501 0.0114337 -0.527636
1.4285 0.0152283 -0.5233
1.43199 0.0189222 -0.51899
1.43401 0.0210268 -0.516494
1.4375 0.0245668 -0.512227
1.44099 0.028013 -0.507987
1.44301 0.0299765 -0.505532
1.4465 0.0332794 -0.501336
1.44999 0.0364949 -0.497169
1.45201 0.038327 -0.494758
1.4555 0.0414089 -0.490637
1.45899 0.0444093 -0.486547
1.46101 0.0461188 -0.48418
1.4645 0.0489946 -0.480136
1.46799 0.0517942 -0.476123
1.47001 0.0533894 -0.473802
1.4735 0.0560727 -0.469837
1.47699 0.0586849 -0.465902
1.47901 0.0601732 -0.463627
1.4825 0.0626767 -0.459742
1.48599 0.0651137 -0.455887
1.48801 0.0665021 -0.453658
1.4915 0.0688374 -0.449852
1.49499 0.0711104 -0.446077
1.49701 0.0724053 -0.443895
1.5005 0.0745831 -0.440169
1.50399 0.0767027 -0.436474
1.50601 0.07791 -0.434337
1.5095 0.0799403 -0.430691
1.51299 0.081916 -0.427075
1.51501 0.0830413 -0.424985
1.5185 0.0849333 -0.421417
1.52199 0.0867741 -0.41788
1.52401 0.0878224 -0.415835
1.5275 0.0895847 -0.412346
1.53099 0.0912989 -0.408886
1.53301 0.0922749 -0.406887
1.5365 0.0939154 -0.403474
1.53999 0.0955107 -0.400092
1.54201 0.0964188 -0.398137
1.5455 0.0979449 -0.394801
1.54899 0.0994285 -0.391494
1.55101 0.100273 -0.389582
1.5545 0.101691 -0.386321
1.55799 0.10307 -0.383089
1.56001 0.103854 -0.381221
1.5635 0.105171 -0.378033
1.56699 0.106451 -0.374874
1.56901 0.107179 -0.373049
1.5725 0.108401 -0.369934
1.57599 0.109588 -0.366846
1.57801 0.110263 -0.365062
1.5815 0.111395 -0.362019
1.58499 0.112494 -0.359002
1.58701 0.113119 -0.357259
1.5905 0.114167 -0.354285
1.59399 0.115183 -0.351337
1.59601 0.115761 -0.349634
1.5995 0.116729 -0.346729
1.60299 0.117668 -0.343849
1.60501 0.118201 -0.342185
1.6085 0.119094 -0.339346
1.61199 0.119959 -0.336533
1.61401 0.12045 -0.334908
1.6175 0.121273 -0.332135
1.62099 0.122069 -0.329386
1.62301 0.12252 -0.327799
1.6265 0.123276 -0.32509
1.62999 0.124007 -0.322405
1.63201 0.124421 -0.320854
1.6355 0.125114 -0.318208
1.63899 0.125783 -0.315585
1.64101 0.126162 -0.31407
1.6445 0.126795 -0.311485
1.64799 0.127406 -0.308924
1.65001 0.127751 -0.307444
1.6535 0.128328 -0.304919
1.65699 0.128885 -0.302417
1.65901 0.129199 -0.300971
1.6625 0.129723 -0.298505
1.66599 0.130227 -0.296061
1.66801 0.130511 -0.294649
1.6715 0.130985 -0.29224
1.67499 0.13144 -0.289853
1.67701 0.131697 -0.288473
1.6805 0.132124 -0.28612
1.68399 0.132532 -0.283789
1.68601 0.132762 -0.282441
1.6895 0.133144 -0.280143
1.69299 0.133509 -0.277866
1.69501 0.133714 -0.27655
1.6985 0.134054 -0.274305
1.70199 0.134378 -0.27208
1.70401 0.134559 -0.270795
1.7075 0.134859 -0.268602
1.71099 0.135144 -0.266429
1.71301 0.135303 -0.265173
1.7165 0.135565 -0.263031
1.71999 0.135813 -0.260909
1.72201 0.135951 -0.259682
1.7255 0.136177 -0.25759
1.72899 0.13639 -0.255517
1.73101 0.136508 -0.254319
1.7345 0.136701 -0.252275
1.73799 0.136881 -0.25025
1.74001 0.13698 -0.24908
1.7435 0.137141 -0.247083
1.74699 0.137291 -0.245105
1.74901 0.137372 -0.243962
1.7525 0.137503 -0.242012
1.75599 0.137623 -0.240079
1.75801 0.137687 -0.238963
1.7615 0.13779 -0.237058
1.76499 0.137882 -0.23517
1.76701 0.137931 -0.234079
1.7705 0.138007 -0.232218
1.77399 0.138073 -0.230373
1.77601 0.138106 -0.229308
1.7795 0.138157 -0.22749
1.78299 0.138198 -0.225688
1.78501 0.138218 -0.224647
1.7885 0.138245 -0.222871
1.79199 0.138263 -0.221111
1.79401 0.138269 -0.220093
1.7975 0.138273 -0.218358
1.80099 0.138269 -0.216638
1.80301 0.138263 -0.215645
1.8065 0.138246 -0.213949
1.80999 0.138221 -0.212269
1.81201 0.138203 -0.211298
1.8155 0.138166 -0.209642
1.81899 0.138122 -0.208
1.82101 0.138093 -0.207052
1.8245 0.138037 -0.205433
1.82799 0.137974 -0.203829
1.83001 0.137934 -0.202902
1.8335 0.137861 -0.201321
1.83699 0.137781 -0.199754
1.83901 0.137731 -0.198848
1.8425 0.137641 -0.197303
1.84599 0.137544 -0.195771
1.84801 0.137485 -0.194886
1.8515 0.137379 -0.193377
1.85499 0.137267 -0.19188
1.85701 0.1372 -0.191015
1.8605 0.137079 -0.18954
1.86399 0.136952 -0.188077
1.86601 0.136876 -0.187232
1.8695 0.136742 -0.18579
1.87299 0.136602 -0.184361
1.87501 0.136518 -0.183535
1.8785 0.13637 -0.182126
1.88199 0.136217 -0.180729
1.88401 0.136126 -0.179922
1.8875 0.135966 -0.178545
1.89099 0.135802 -0.17718
1.89301 0.135704 -0.176391
1.8965 0.135532 -0.175045
1.89999 0.135356 -0.173711
1.90201 0.135252 -0.17294
1.9055 0.135069 -0.171624
1.90899 0.134883 -0.17032
1.91101 0.134773 -0.169567
1.9145 0.13458 -0.168281
1.91799 0.134384 -0.167006
1.92001 0.134268 -0.16627
1.9235 0.134066 -0.165013
1.92699 0.13386 -0.163767
1.92901 0.133739 -0.163047
1.9325 0.133528 -0.161818
1.93599 0.133314 -0.1606
1.93801 0.133188 -0.159896
1.9415 0.132969 -0.158695
1.94499 0.132746 -0.157504
1.94701 0.132616 -0.156816
1.9505 0.132389 -0.155642
1.95399 0.132159 -0.154478
1.95601 0.132024 -0.153805
1.9595 0.13179 -0.152657
1.96299 0.131554 -0.151519
1.96501 0.131415 -0.150861
1.9685 0.131174 -0.149738
1.97199 0.130931 -0.148626
1.97401 0.130788 -0.147982
1.9775 0.130541 -0.146885
1.98099 0.130292 -0.145797
1.98301 0.130146 -0.145168
1.9865 0.129894 -0.144095
1.98999 0.129639 -0.143031
1.99201 0.12949 -0.142416
1.9955 0.129232 -0.141367
1.99899 0.128972 -0.140326
2.00338 0.128641 -0.139027
2.015 0.127755 -0.135661
2.02662 0.126849 -0.132389
2.03338 0.126315 -0.130528
2.045 0.125386 -0.127402
2.05662 0.124443 -0.124363
2.06338 0.123889 -0.122634
2.075 0.122928 -0.119728
2.08662 0.121958 -0.116904
2.09338 0.12139 -0.115296
2.105 0.120409 -0.112595
2.11662 0.119421 -0.109968
2.12338 0.118844 -0.108473
2.135 0.117849 -0.10596
2.14662 0.116852 -0.103516
2.15338 0.11627 -0.102124
2.165 0.115269 -0.0997843
2.17662 0.114268 -0.0975082
2.18338 0.113685 -0.0962119
2.195 0.112684 -0.0940325
2.20662 0.111684 -0.0919117
2.21338 0.111102 -0.0907037
2.225 0.110106 -0.0886722
2.23662 0.109112 -0.0866948
2.24338 0.108535 -0.0855683
2.255 0.107546 -0.0836734
2.26662 0.106562 -0.0818286
2.27338 0.105991 -0.0807773
2.285 0.105014 -0.0790088
2.29662 0.104042 -0.0772865
2.30338 0.103479 -0.0763048
2.315 0.102516 -0.0746531
2.32662 0.101558 -0.0730441
2.33338 0.101004 -0.0721269
2.345 0.100057 -0.0705833
2.35662 0.0991166 -0.0690792
2.36338 0.0985724 -0.0682216
2.375 0.0976431 -0.066778
2.38662 0.0967209 -0.0653711
2.39338 0.0961875 -0.0645687
2.405 0.0952771 -0.0632178
2.41662 0.0943742 -0.0619009
2.42338 0.0938522 -0.0611497
2.435 0.0929617 -0.0598847
2.44662 0.092079 -0.0586512
2.45338 0.0915689 -0.0579475
2.465 0.090699 -0.0567622
2.47662 0.089837 -0.0556062
2.48338 0.0893391 -0.0549465
2.495 0.0884903 -0.0538351
2.50662 0.0876495 -0.0527509
2.51338 0.087164 -0.0521321
2.525 0.0863364 -0.0510895
2.53662 0.085517 -0.050072
2.54338 0.085044 -0.0494912
2.555 0.0842379 -0.0485123
2.56662 0.08344 -0.0475569
2.57338 0.0829794 -0.0470114
2.585 0.0821947 -0.0460918
2.59662 0.0814182 -0.0451941
2.60338 0.0809701 -0.0446814
2.615 0.0802068 -0.043817
2.62662 0.0794516 -0.0429729
2.63338 0.0790158 -0.0424908
2.645 0.0782736 -0.0416778
2.65662 0.0775395 -0.0408837
2.66338 0.0771159 -0.0404301
2.675 0.0763946 -0.0396649
2.68662 0.0756811 -0.0389174
2.69338 0.0752696 -0.0384903
2.705 0.0745688 -0.0377697
2.71662 0.0738758 -0.0370656
2.72338 0.073476 -0.0366632
2.735 0.0727954 -0.0359842
2.74662 0.0721224 -0.0353206
2.75338 0.0717342 -0.0349413
2.765 0.0710733 -0.0343011
2.77662 0.0704199 -0.0336753
2.78338 0.070043 -0.0333175
2.795 0.0694014 -0.0327136
2.80662 0.0687671 -0.0321231
2.81338 0.0684013 -0.0317854
2.825 0.0677785 -0.0312154
2.83662 0.0671629 -0.0306579
2.84338 0.0668079 -0.030339
2.855 0.0662035 -0.0298006
2.86662 0.065606 -0.0292739
2.87338 0.0652615 -0.0289727
2.885 0.0646749 -0.0284639
2.89662 0.0640951 -0.0279661
2.90338 0.0637608 -0.0276813
2.915 0.0631917 -0.0272002
2.92662 0.062629 -0.0267294
2.93338 0.0623046 -0.02646
2.945 0.0617524 -0.0260049
2.95662 0.0612064 -0.0255594
2.96338 0.0608916 -0.0253045
2.975 0.0603558 -0.0248737
2.98662 0.059826 -0.024452
2.99338 0.0595206 -0.0242106
3.005 0.0590006 -0.0238026
3.01662 0.0584866 -0.0234031
3.02338 0.0581902 -0.0231744
3.035 0.0576856 -0.0227879
3.04662 0.0571868 -0.0224092
3.05338 0.0568991 -0.0221925
3.065 0.0564095 -0.021826
3.07662 0.0559254 -0.021467
3.08338 0.0556463 -0.0212614
3.095 0.0551711 -0.0209138
3.10662 0.0547013 -0.0205732
3.11338 0.0544304 -0.0203781
3.125 0.0539691 -0.0200482
3.13662 0.0535132 -0.019725
3.14338 0.0532502 -0.0195398
3.155 0.0528025 -0.0192266
3.16662 0.0523599 -0.0189196
3.17338 0.0521047 -0.0187437
3.185 0.0516701 -0.0184462
3.19662 0.0512404 -0.0181545
3.20338 0.0509926 -0.0179874
3.215 0.0505706 -0.0177046
3.22662 0.0501535 -0.0174274
3.23338 0.0499129 -0.0172685
3.245 0.0495032 -0.0169996
3.25662 0.0490981 -0.016736
3.26338 0.0488645 -0.0165848
3.275 0.0484666 -0.0163291
3.28662 0.0480732 -0.0160782
3.29338 0.0478463 -0.0159344
3.305 0.0474599 -0.0156911
3.31662 0.0470778 -0.0154523
3.32338 0.0468574 -0.0153154
3.335 0.0464821 -0.0150836
3.34662 0.0461109 -0.0148562
3.35338 0.0458968 -0.0147259
3.365 0.0455322 -0.0145051
3.37662 0.0451715 -0.0142885
3.38338 0.0449635 -0.0141642
3.395 0.0446092 -0.0139539
3.40662 0.0442588 -0.0137474
3.41338 0.0440566 -0.013629
3.425 0.0437123 -0.0134284
3.43662 0.0433718 -0.0132315
3.44338 0.0431753 -0.0131186
3.455 0.0428406 -0.0129273
3.46662 0.0425096 -0.0127395
3.47338 0.0423186 -0.0126317
3.485 0.0419933 -0.0124492
3.49662 0.0416715 -0.01227
3.50338 0.0414858 -0.0121671
3.515 0.0411695 -0.0119929
3.52662 0.0408566 -0.0118218
3.53338 0.040676 -0.0117236
3.545 0.0403684 -0.0115572
3.55662 0.0400641 -0.0113938
3.56338 0.0398885 -0.0112999
3.575 0.0395894 -0.011141
3.58662 0.0392934 -0.0109848
3.59338 0.0391226 -0.0108952
3.605 0.0388316 -0.0107433
3.61662 0.0385436 -0.010594
3.62338 0.0383775 -0.0105083
3.635 0.0380943 -0.0103631
3.64662 0.0378142 -0.0102203
3.65338 0.0376525 -0.0101384
3.665 0.037377 -0.00999949
3.67662 0.0371043 -0.00986294
3.68338 0.0369469 -0.00978454
3.695 0.0366788 -0.00965163
3.70662 0.0364134 -0.00952096
3.71338 0.0362602 -0.00944593
3.725 0.0359992 -0.00931871
3.73662 0.0357409 -0.00919362
3.74338 0.0355918 -0.00912179
3.755 0.0353376 -0.00899998
3.76662 0.0350861 -0.00888019
3.77338 0.0349409 -0.00881138
3.785 0.0346934 -0.00869471
3.79662 0.0344484 -0.00857995
3.80338 0.034307 -0.00851403
3.815 0.034066 -0.00840223
3.82662 0.0338274 -0.00829226
3.83338 0.0336897 -0.00822908
3.845 0.0334549 -0.00812192
3.85662 0.0332224 -0.00801649
3.86338 0.0330882 -0.00795592
3.875 0.0328595 -0.00785316
3.88662 0.032633 -0.00775206
3.89338 0.0325023 -0.00769397
3.905 0.0322793 -0.00759541
3.91662 0.0320586 -0.00749842
3.92338 0.0319312 -0.00744268
3.935 0.031714 -0.00734812
3.94662 0.0314989 -0.00725504
3.95338 0.0313746 -0.00720155
3.965 0.0311629 -0.00711078
3.97662 0.0309532 -0.00702144
3.98338 0.0308321 -0.00697009
3.995 0.0306256 -0.00688294
4.00662 0.0304211 -0.00679715
4.01338 0.0303031 -0.00674783
4.025 0.0301017 -0.00666413
4.03662 0.0299023 -0.00658172
4.04338 0.0297872 -0.00653435
4.055 0.0295908 -0.00645393
4.06662 0.0293963 -0.00637475
4.07338 0.029284 -0.00632922
4.085 0.0290925 -0.00625194
4.09662 0.0289028 -0.00617584
4.10338 0.0287932 -0.00613208
4.115 0.0286063 -0.00605779
4.12662 0.0284212 -0.00598462
4.13338 0.0283143 -0.00594254
4.145 0.028132 -0.0058711
4.15662 0.0279514 -0.00580073
4.16338 0.027847 -0.00576026
4.175 0.0276691 -0.00569154
4.18662 0.0274928 -0.00562384
4.19338 0.0273909 -0.0055849
4.205 0.0272172 -0.00551878
4.21662 0.0270451 -0.00545364
4.22338 0.0269457 -0.00541617
4.235 0.0267761 -0.00535253
4.24662 0.0266081 -0.00528982
4.25338 0.0265111 -0.00525375
4.265 0.0263455 -0.00519248
4.27662 0.0261814 -0.00513211
4.28338 0.0260866 -0.00509737
4.295 0.0259249 -0.00503837
4.30662 0.0257647 -0.00498022
4.31338 0.0256721 -0.00494677
4.325 0.0255142 -0.00488993
4.33662 0.0253577 -0.00483391
4.34338 0.0252672 -0.00480168
4.355 0.025113 -0.00474692
4.36662 0.0249601 -0.00469293
4.37338 0.0248717 -0.00466187
4.385 0.024721 -0.00460909
4.39662 0.0245716 -0.00455706
4.40338 0.0244852 -0.00452711
4.415 0.0243379 -0.00447623
4.42662 0.0241919 -0.00442606
4.43338 0.0241075 -0.00439719
4.445 0.0239636 -0.00434812
4.45662 0.0238209 -0.00429974
4.46338 0.0237384 -0.00427189
4.475 0.0235977 -0.00422456
4.48662 0.0234582 -0.00417789
4.49338 0.0233776 -0.00415102
4.505 0.02324 -0.00410536
4.51662 0.0231036 -0.00406033
4.52338 0.0230248 -0.0040344
4.535 0.0228903 -0.00399034
4.54662 0.0227569 -0.00394688
4.55338 0.0226798 -0.00392185
4.565 0.0225482 -0.00387932
4.57662 0.0224178 -0.00383736
4.58338 0.0223424 -0.0038132
4.595 0.0222138 -0.00377213
4.60662 0.0220862 -0.00373161
4.61338 0.0220124 -0.00370828
4.625 0.0218866 -0.00366862
4.63662 0.0217618 -0.00362949
4.64338 0.0216896 -0.00360695
4.655 0.0215665 -0.00356864
4.66662 0.0214444 -0.00353084
4.67338 0.0213738 -0.00350906
4.685 0.0212533 -0.00347205
4.69662 0.0211338 -0.00343551
4.70338 0.0210647 -0.00341447
4.715 0.0209468 -0.0033787
4.72662 0.0208299 -0.00334339
4.73338 0.0207623 -0.00332305
4.745 0.0206468 -0.00328847
4.75662 0.0205324 -0.00325434
4.76338 0.0204662 -0.00323467
4.775 0.0203532 -0.00320124
4.78662 0.0202411 -0.00316823
4.79338 0.0201764 -0.00314922
4.805 0.0200657 -0.00311688
4.81662 0.019956 -0.00308495
4.82338 0.0198926 -0.00306656
4.835 0.0197843 -0.00303528
4.84662 0.0196768 -0.0030044
4.85338 0.0196147 -0.00298661
4.865 0.0195086 -0.00295634
4.87662 0.0194034 -0.00292646
4.88338 0.0193426 -0.00290924
4.895 0.0192387 -0.00287996
4.90662 0.0191356 -0.00285104
4.91338 0.019076 -0.00283437
4.925 0.0189743 -0.00280602
4.93662 0.0188733 -0.00277803
4.94338 0.0188149 -0.0027619
4.955 0.0187152 -0.00273445
4.96662 0.0186163 -0.00270734
4.97338 0.0185591 -0.00269172
4.985 0.0184614 -0.00266515
4.99662 0.0183645 -0.0026389
5.01127 0.0182433 -0.00260626
5.05 0.0179288 -0.00252238
5.08873 0.0176223 -0.00244185
5.11127 0.0174475 -0.00239646
5.15 0.0171531 -0.00232091
5.18873 0.0168661 -0.00224832
5.21127 0.0167024 -0.00220738
5.25 0.0164265 -0.00213919
5.28873 0.0161574 -0.00207362
5.31127 0.0160039 -0.00203662
5.35 0.015745 -0.00197494
5.38873 0.0154924 -0.00191559
5.41127 0.0153482 -0.00188208
5.45 0.015105 -0.00182619
5.48873 0.0148676 -0.00177236
5.51127 0.0147319 -0.00174195
5.55 0.0145032 -0.0016912
5.58873 0.0142797 -0.00164229
5.61127 0.0141521 -0.00161464
5.65 0.0139367 -0.00156848
5.68873 0.0137261 -0.00152396
5.71127 0.0136058 -0.00149878
5.75 0.0134027 -0.00145672
5.78873 0.0132041 -0.00141612
5.81127 0.0130905 -0.00139315
5.85 0.0128989 -0.00135475
5.88873 0.0127113 -0.00131767
5.91127 0.0126041 -0.00129668
5.95 0.012423 -0.00126157
5.98873 0.0122457 -0.00122765
6.01127 0.0121443 -0.00120843
6.05 0.011973 -0.00117629
6.08873 0.0118053 -0.0011452
6.11127 0.0117093 -0.00112759
6.15 0.0115471 -0.0010981
6.18873 0.0113882 -0.00106958
6.21127 0.0112973 -0.0010534
6.25 0.0111436 -0.00102632
6.28873 0.010993 -0.00100011
6.31127 0.0109068 -0.000985236
6.35 0.0107609 -0.000960326
6.38873 0.010618 -0.000936199
6.41127 0.0105362 -0.000922507
6.45 0.0103978 -0.000899562
6.48873 0.010262 -0.000877327
6.51127 0.0101843 -0.000864703
6.55 0.0100527 -0.00084354
6.58873 0.00992372 -0.000823021
6.61127 0.00984978 -0.000811367
6.65 0.00972467 -0.000791822
6.68873 0.00960193 -0.000772863
6.71127 0.00953157 -0.000762091
6.75 0.00941249 -0.000744017
6.78873 0.00929563 -0.000726477
6.81127 0.00922862 -0.000716508
6.85 0.00911518 -0.000699775
6.88873 0.00900382 -0.000683528
6.91127 0.00893996 -0.000674291
6.95 0.00883181 -0.00065878
6.98873 0.00872562 -0.000643715
7.01127 0.0086647 -0.000635145
7.05 0.00856152 -0.000620752
7.08873 0.00846018 -0.000606765
7.11127 0.00840204 -0.000598806
7.15 0.00830353 -0.000585435
7.18873 0.00820675 -0.000572435
7.21127 0.0081512 -0.000565036
7.25 0.00805709 -0.0005526
7.28873 0.0079646 -0.000540506
7.31127 0.00791151 -0.000533619
7.35 0.00782153 -0.000522042
7.38873 0.00773308 -0.000510777
7.41127 0.00768229 -0.000504361
7.45 0.00759621 -0.000493571
7.48873 0.00751157 -0.000483069
7.51127 0.00746296 -0.000477086
7.55 0.00738055 -0.00046702
7.58873 0.0072995 -0.00045722
7.61127 0.00725295 -0.000451634
7.65 0.00717401 -0.000442236
7.68873 0.00709635 -0.000433081
7.71127 0.00705174 -0.000427862
7.75 0.00697607 -0.000419077
7.78873 0.00690162 -0.000410518
7.81127 0.00685884 -0.000405637
7.85 0.00678627 -0.000397419
7.88873 0.00671485 -0.000389409
7.91127 0.0066738 -0.00038484
7.95 0.00660416 -0.000377145
7.98873 0.00653561 -0.000369643
8.01127 0.00649621 -0.000365362
8.05 0.00642934 -0.000358152
8.08873 0.0063635 -0.000351118
8.11127 0.00632565 -0.000347104
8.15 0.00626141 -0.000340341
8.18873 0.00619815 -0.000333743
8.21127 0.00616178 -0.000329976
8.25 0.00610003 -0.000323627
8.28873 0.00603921 -0.000317431
8.31127 0.00600423 -0.000313893
8.35 0.00594485 -0.000307929
8.38873 0.00588635 -0.000302107
8.41127 0.0058527 -0.000298782
8.45 0.00579556 -0.000293174
8.48873 0.00573926 -0.000287698
8.51127 0.00570687 -0.00028457
8.55 0.00565186 -0.000279295
8.58873 0.00559765 -0.000274141
8.61127 0.00556647 -0.000271196
8.65 0.00551349 -0.000266229
8.68873 0.00546127 -0.000261375
8.71127 0.00543122 -0.000258601
8.75 0.00538017 -0.00025392
8.78873 0.00532985 -0.000249345
8.81127 0.00530089 -0.00024673
8.85 0.00525167 -0.000242317
8.88873 0.00520315 -0.000238002
8.91127 0.00517522 -0.000235535
8.95 0.00512776 -0.00023137
8.98873 0.00508096 -0.000227298
9.01127 0.00505402 -0.000224969
9.05 0.00500823 -0.000221037
9.08873 0.00496306 -0.00021719
9.11127 0.00493706 -0.00021499
9.15 0.00489286 -0.000211275
9.18873 0.00484926 -0.00020764
9.21127 0.00482415 -0.000205561
9.25 0.00478147 -0.000202049
9.28873 0.00473937 -0.000198611
9.31127 0.00471512 -0.000196645
9.35 0.0046739 -0.000193322
9.38873 0.00463322 -0.00019007
9.41127 0.00460979 -0.000188209
9.45 0.00456996 -0.000185064
9.48873 0.00453066 -0.000181985
9.51127 0.00450802 -0.000180223
9.55 0.00446953 -0.000177244
9.58873 0.00443154 -0.000174328
9.61127 0.00440967 -0.000172659
9.65 0.00437247 -0.000169837
9.68873 0.00433577 -0.000167074
9.71127 0.00431464 -0.000165493
9.75 0.00427873 -0.00016282
9.78873 0.00424334 -0.000160204
9.81127 0.00422301 -0.000158707
9.85 0.00418861 -0.000156183
9.88873 0.00415571 -0.000153745
11.1575 0.00322145 -9.37296e-05
19.8 0.000989805 -9.17237e-06
87.8425 4.92952e-05 -2.32495e-08
