0 1 0
0.001 1 0
0.002 1.00001 0
0.003 1.00002 0
0.004 1.00004 0
0.005 1.00006 0
0.006 1.00009 0
0.007 1.00012 0
0.008 1.00015 0
0.009 1.0002 0
0.01 1.00024 0
0.011 1.00029 0
0.012 1.00035 0
0.013 1.00041 0
0.014 1.00047 0
0.015 1.00054 0
0.016 1.00062 0
0.017 1.0007 0
0.018 1.00078 0
0.019 1.00087 0
0.02 1.00097 0
0.021 1.00107 0
0.022 1.00117 0
0.023 1.00128 0
0.024 1.00139 0
0.025 1.00151 0
0.026 1.00164 0
0.027 1.00177 0
0.028 1.0019 0
0.029 1.00204 0
0.03 1.00218 0
0.031 1.00233 0
0.032 1.00248 0
0.033 1.00264 0
0.034 1.00281 0
0.035 1.00298 0
0.036 1.00315 0
0.037 1.00333 0
0.038 1.00351 0
0.039 1.0037 0
0.04 1.00389 0
0.041 1.00409 0
0.042 1.00429 0
0.043 1.0045 0
0.044 1.00472 0
0.045 1.00494 0
0.046 1.00516 0
0.047 1.00539 0
0.048 1.00562 0
0.049 1.00586 0
0.05 1.00611 0
0.051 1.00636 0
0.052 1.00661 0
0.053 1.00687 0
0.054 1.00714 0
0.055 1.00741 0
0.056 1.00768 0
0.057 1.00796 0
0.058 1.00825 0
0.059 1.00854 0
0.06 1.00884 0
0.061 1.00914 0
0.062 1.00945 0
0.063 1.00976 0
0.064 1.01008 0
0.065 1.0104 0
0.066 1.01073 0
0.067 1.01107 0
0.068 1.01141 0
0.069 1.01175 0
0.07 1.0121 0
0.071 1.01246 0
0.072 1.01282 0
0.073 1.01319 0
0.074 1.01356 0
0.075 1.01394 0
0.076 1.01432 0
0.077 1.01471 0
0.078 1.01511 0
0.079 1.01551 0
0.08 1.01592 0
0.081 1.01633 0
0.082 1.01675 0
0.083 1.01717 0
0.084 1.0176 0
0.085 1.01804 0
0.086 1.01848 0
0.087 1.01893 0
0.088 1.01938 0
0.089 1.01984 0
0.09 1.02031 0
0.091 1.02078 0
0.092 1.02126 0
0.093 1.02174 0
0.094 1.02223 0
0.095 1.02273 0
0.096 1.02323 0
0.097 1.02374 0
0.098 1.02426 0
0.099 1.02478 0
0.1 1.0253 0
0.101 1.02584 0
0.102 1.02638 0
0.103 1.02692 0
0.104 1.02748 0
0.105 1.02804 0
0.106 1.0286 0
0.107 1.02918 0
0.108 1.02976 0
0.109 1.03034 0
0.11 1.03093 0
0.111 1.03153 0
0.112 1.03214 0
0.113 1.03275 0
0.114 1.03337 0
0.115 1.034 0
0.116 1.03463 0
0.117 1.03528 0
0.118 1.03592 0
0.119 1.03658 0
0.12 1.03724 0
0.121 1.03791 0
0.122 1.03859 0
0.123 1.03927 0
0.124 1.03996 0
0.125 1.04066 0
0.126 1.04137 0
0.127 1.04208 0
0.128 1.0428 0
0.129 1.04353 0
0.13 1.04427 0
0.131 1.04501 0
0.132 1.04577 0
0.133 1.04653 0
0.134 1.04729 0
0.135 1.04807 0
0.136 1.04886 0
0.137 1.04965 0
0.138 1.05045 0
0.139 1.05126 0
0.14 1.05207 0
0.141 1.0529 0
0.142 1.05373 0
0.143 1.05458 0
0.144 1.05543 0
0.145 1.05629 0
0.146 1.05716 0
0.147 1.05804 0
0.148 1.05892 0
0.149 1.05982 0
0.15 1.06072 0
0.151 1.06164 0
0.152 1.06256 0
0.153 1.06349 0
0.154 1.06444 0
0.155 1.06539 0
0.156 1.06635 0
0.157 1.06732 0
0.158 1.0683 0
0.159 1.06929 0
0.16 1.0703 0
0.161 1.07131 0
0.162 1.07233 0
0.163 1.07336 0
0.164 1.0744 0
0.165 1.07546 0
0.166 1.07652 0
0.167 1.0776 0
0.168 1.07868 0
0.169 1.07978 0
0.17 1.08089 0
0.171 1.08201 0
0.172 1.08314 0
0.173 1.08428 0
0.174 1.08543 0
0.175 1.0866 0
0.176 1.08778 0
0.177 1.08897 0
0.178 1.09017 0
0.179 1.09139 0
0.18 1.09262 0
0.181 1.09386 0
0.182 1.09511 0
0.183 1.09638 0
0.184 1.09766 0
0.185 1.09895 0
0.186 1.10026 0
0.187 1.10158 0
0.188 1.10291 0
0.189 1.10426 0
0.19 1.10563 0
0.191 1.10701 0
0.192 1.1084 0
0.193 1.10981 0
0.194 1.11123 0
0.195 1.11267 0
0.196 1.11413 0
0.197 1.1156 0
0.198 1.11709 0
0.199 1.11859 0
0.2 1.12011 0
0.201 1.12165 0
0.202 1.12321 0
0.203 1.12478 0
0.204 1.12637 0
0.205 1.12798 0
0.206 1.12961 0
0.207 1.13126 0
0.208 1.13293 0
0.209 1.13461 0
0.21 1.13632 0
0.211 1.13804 0
0.212 1.13979 0
0.213 1.14156 0
0.214 1.14335 0
0.215 1.14516 0
0.216 1.14699 0
0.217 1.14885 0
0.218 1.15073 0
0.219 1.15264 0
0.22 1.15456 0
0.221 1.15652 0
0.222 1.1585 0
0.223 1.1605 0
0.224 1.16253 0
0.225 1.16459 0
0.226 1.16668 0
0.227 1.16879 0
0.228 1.17094 0
0.229 1.17311 0
0.23 1.17532 0
0.231 1.17755 0
0.232 1.17982 0
0.233 1.18213 0
0.234 1.18446 0
0.235 1.18684 0
0.236 1.18924 0
0.237 1.19169 0
0.238 1.19418 0
0.239 1.1967 0
0.24 1.19926 0
0.241 1.20187 0
0.242 1.20452 0
0.243 1.20722 0
0.244 1.20996 0
0.245 1.21276 0
0.246 1.2156 0
0.247 1.2185 0
0.248 1.22145 0
0.249 1.22446 0
0.25 1.22752 0
0.251 1.23065 0
0.252 1.23385 0
0.253 1.23711 0
0.254 1.24044 0
0.255 1.24385 0
0.256 1.24734 0
0.257 1.25092 0
0.258 1.25458 0
0.259 1.25834 0
0.26 1.2622 0
0.261 1.26617 0
0.262 1.27025 0
0.263 1.27446 0
0.264 1.2788 0
0.265 1.2833 0
0.266 1.28795 0
0.267 1.29278 0
0.268 1.29782 0
0.269 1.30308 0
0.27 1.30859 0
0.271 1.3144 0
0.272 1.32056 0
0.273 1.32714 0
0.274 1.33424 0
0.275 1.34201 0
0.276 1.35071 0
0.277 1.36083 0
0.278 1.37358 0
0.279 1.39389 0
0.279247 1.40608 0.00849065
0.279408 1.40585 0.0143882
0.279569 1.40562 0.0181193
0.279663 1.40599 0.0200793
0.279824 1.40622 0.0230674
0.279985 1.40645 0.0256376
0.280079 1.40667 0.0270549
0.28024 1.40695 0.0293511
0.280401 1.40723 0.0314481
0.280495 1.40743 0.0326253
0.280656 1.40772 0.034571
0.280817 1.40801 0.0363955
0.280911 1.40821 0.0374293
0.281072 1.40851 0.0391552
0.281233 1.4088 0.040798
0.281327 1.40899 0.0417341
0.281488 1.4093 0.0433065
0.281649 1.4096 0.0448175
0.281743 1.40978 0.0456818
0.281904 1.41009 0.0471396
0.282065 1.41039 0.0485498
0.282159 1.41057 0.0493587
0.28232 1.41088 0.050727
0.282481 1.41118 0.0520572
0.282575 1.41137 0.0528217
0.282736 1.41167 0.0541178
0.282897 1.41197 0.0553827
0.282991 1.41216 0.0561108
0.283152 1.41246 0.0573473
0.283313 1.41276 0.0585576
0.283407 1.41295 0.0592552
0.283568 1.41325 0.0604416
0.283729 1.41355 0.0616055
0.283823 1.41374 0.0622772
0.283984 1.41404 0.0634206
0.284145 1.41434 0.0645447
0.284239 1.41452 0.0651939
0.2844 1.41483 0.0663002
0.284561 1.41513 0.0673896
0.284655 1.41531 0.0680193
0.284816 1.41561 0.0690931
0.284977 1.41591 0.070152
0.285071 1.41609 0.0707643
0.285232 1.4164 0.0718095
0.285393 1.4167 0.0728413
0.285487 1.41688 0.0734384
0.285648 1.41718 0.074458
0.285809 1.41748 0.0754657
0.285903 1.41766 0.0760491
0.286064 1.41796 0.0770459
0.286225 1.41826 0.078032
0.286319 1.41844 0.0786031
0.28648 1.41874 0.0795792
0.286641 1.41904 0.0805457
0.286735 1.41921 0.0811057
0.286896 1.41951 0.0820633
0.287057 1.41981 0.0830121
0.287151 1.41999 0.083562
0.287312 1.42029 0.0845026
0.287473 1.42059 0.0854352
0.287567 1.42076 0.0859759
0.287728 1.42106 0.0869011
0.287889 1.42136 0.087819
0.287983 1.42154 0.0883512
0.288144 1.42183 0.0892623
0.288305 1.42213 0.0901666
0.288399 1.42231 0.0906911
0.28856 1.4226 0.0915892
0.288721 1.4229 0.092481
0.288815 1.42307 0.0929985
0.288976 1.42337 0.0938846
0.289137 1.42367 0.0947649
0.289231 1.42384 0.0952758
0.289392 1.42414 0.0961508
0.289553 1.42443 0.0970205
0.289647 1.42461 0.0975253
0.289808 1.4249 0.0983901
0.289969 1.4252 0.0992499
0.290063 1.42537 0.0997491
0.290224 1.42566 0.100604
0.290385 1.42596 0.101455
0.290479 1.42613 0.101949
0.29064 1.42642 0.102796
0.290801 1.42671 0.103638
0.290895 1.42689 0.104127
0.291056 1.42718 0.104965
0.291217 1.42747 0.105799
0.291311 1.42764 0.106284
0.291472 1.42793 0.107114
0.291633 1.42823 0.107941
0.291727 1.4284 0.108421
0.291888 1.42869 0.109245
0.292049 1.42898 0.110065
0.292143 1.42915 0.110541
0.292304 1.42944 0.111358
0.292465 1.42973 0.112171
0.292559 1.4299 0.112644
0.29272 1.43019 0.113454
0.292881 1.43048 0.114262
0.292975 1.43065 0.114731
0.293136 1.43094 0.115536
0.293297 1.43122 0.116337
0.293391 1.43139 0.116803
0.293552 1.43168 0.117602
0.293713 1.43197 0.118399
0.293807 1.43214 0.118862
0.293968 1.43242 0.119655
0.294129 1.43271 0.120447
0.294223 1.43288 0.120907
0.294384 1.43316 0.121696
0.294545 1.43345 0.122483
0.294639 1.43362 0.12294
0.2948 1.4339 0.123724
0.294961 1.43419 0.124507
0.295055 1.43435 0.124961
0.295216 1.43464 0.125741
0.295377 1.43492 0.12652
0.295471 1.43509 0.126972
0.295632 1.43537 0.127748
0.295793 1.43566 0.128522
0.295887 1.43582 0.128972
0.296048 1.4361 0.129745
0.296209 1.43639 0.130515
0.296303 1.43655 0.130963
0.296464 1.43683 0.131732
0.296625 1.43711 0.132499
0.296719 1.43728 0.132945
0.29688 1.43756 0.13371
0.297041 1.43784 0.134474
0.297135 1.438 0.134918
0.297296 1.43828 0.13568
0.297457 1.43856 0.136441
0.297551 1.43873 0.136883
0.297712 1.43901 0.137642
0.297873 1.43928 0.1384
0.297967 1.43945 0.138841
0.298128 1.43973 0.139597
0.298289 1.44 0.140352
0.298383 1.44016 0.140791
0.298544 1.44044 0.141545
0.298705 1.44072 0.142297
0.298799 1.44088 0.142735
0.29896 1.44116 0.143486
0.299121 1.44143 0.144236
0.299215 1.44159 0.144672
0.299376 1.44187 0.145421
0.299537 1.44214 0.146168
0.299631 1.4423 0.146603
0.299792 1.44257 0.147349
0.299953 1.44284 0.148094
0.300774 1.44425 0.151871
0.303436 1.4487 0.164047
0.306098 1.45303 0.176068
0.307646 1.45552 0.183032
0.310308 1.45967 0.194957
0.31297 1.4637 0.206844
0.314518 1.466 0.213763
0.31718 1.46984 0.225663
0.319842 1.47353 0.237585
0.32139 1.47562 0.244543
0.324052 1.4791 0.256537
0.326714 1.48243 0.268587
0.328262 1.48429 0.275629
0.330924 1.48738 0.287783
0.333586 1.4903 0.300013
0.335134 1.49192 0.307165
0.337796 1.49458 0.319516
0.340458 1.49705 0.331952
0.342006 1.49841 0.339226
0.344668 1.5006 0.351789
0.34733 1.5026 0.364441
0.348878 1.50368 0.37184
0.35154 1.50537 0.384617
0.354202 1.50686 0.397482
0.35575 1.50763 0.405003
0.358412 1.50879 0.417986
0.361074 1.50974 0.431051
0.362622 1.51018 0.438685
0.365284 1.51078 0.451856
0.367946 1.51116 0.465101
0.369494 1.51126 0.472836
0.372156 1.51127 0.486172
0.374818 1.51104 0.49957
0.376366 1.51079 0.507388
0.379028 1.51018 0.520859
0.38169 1.50933 0.534378
0.383238 1.50871 0.54226
0.3859 1.50746 0.55583
0.388562 1.50596 0.569434
0.39011 1.50496 0.577358
0.392772 1.50305 0.590987
0.395434 1.50088 0.604634
0.396982 1.4995 0.612575
0.399644 1.49691 0.62622
0.402306 1.49407 0.639866
0.403854 1.49228 0.647798
0.406516 1.48901 0.661414
0.409178 1.48548 0.675011
0.410726 1.48329 0.682907
0.413388 1.47934 0.696445
0.41605 1.47511 0.709945
0.417598 1.47253 0.717775
0.42026 1.46788 0.731186
0.422922 1.46296 0.744539
0.42447 1.45998 0.752275
0.427132 1.45464 0.765509
0.429794 1.44905 0.778664
0.431342 1.44567 0.786276
0.434004 1.43966 0.799282
0.436666 1.4334 0.812189
0.438214 1.42963 0.819649
0.440876 1.42296 0.832378
0.443538 1.41604 0.844989
0.445086 1.4119 0.852268
0.447748 1.40459 0.864672
0.45041 1.39705 0.876939
0.451958 1.39255 0.88401
0.45462 1.38462 0.896043
0.457282 1.37648 0.907922
0.45883 1.37163 0.91476
0.461492 1.36312 0.926379
0.464154 1.3544 0.937827
0.465702 1.34923 0.944409
0.468364 1.34018 0.955574
0.471026 1.33092 0.966554
0.472574 1.32545 0.972857
0.475236 1.31588 0.983533
0.477898 1.30613 0.994009
0.479446 1.30037 1.00001
0.482108 1.29033 1.01017
0.48477 1.28012 1.02011
0.486318 1.27411 1.0258
0.48898 1.26364 1.03541
0.491642 1.25302 1.0448
0.49319 1.24678 1.05016
0.495852 1.23593 1.05919
0.498514 1.22494 1.068
0.500062 1.21849 1.07302
0.502724 1.2073 1.08147
0.505386 1.196 1.08968
0.506934 1.18937 1.09436
0.509596 1.17789 1.1022
0.512258 1.16631 1.1098
0.513806 1.15953 1.11413
0.516468 1.1478 1.12136
0.51913 1.13599 1.12835
0.520678 1.12909 1.13231
0.52334 1.11716 1.13893
0.526002 1.10517 1.14531
0.52755 1.09817 1.14891
0.530212 1.08609 1.15492
0.532874 1.07396 1.16068
0.534422 1.06689 1.16393
0.537084 1.0547 1.16932
0.539746 1.04247 1.17447
0.541294 1.03535 1.17737
0.543956 1.02309 1.18216
0.546618 1.01081 1.18671
0.548166 1.00366 1.18927
0.550828 0.991365 1.19346
0.55349 0.97907 1.19743
0.555038 0.97192 1.19964
0.5577 0.959628 1.20326
0.560362 0.947352 1.20666
0.56191 0.940218 1.20854
0.564572 0.927966 1.2116
0.567234 0.915741 1.21443
0.568782 0.908643 1.216
0.571444 0.89646 1.21851
0.574106 0.884317 1.22081
0.575654 0.877272 1.22207
0.578316 0.865188 1.22406
0.580978 0.853153 1.22585
0.582526 0.846175 1.2268
0.585188 0.834215 1.22829
0.58785 0.822314 1.22958
0.589398 0.815417 1.23026
0.59206 0.803603 1.23127
0.594722 0.791856 1.23209
0.59627 0.785053 1.2325
0.598932 0.773405 1.23305
0.601594 0.761831 1.23342
0.603142 0.755132 1.23357
0.605804 0.743667 1.23368
0.608466 0.732282 1.23363
0.610014 0.725695 1.23354
0.612676 0.714428 1.23324
0.615338 0.703246 1.23279
0.616886 0.696778 1.23247
0.619548 0.685721 1.23178
0.62221 0.674752 1.23095
0.623758 0.66841 1.23041
0.62642 0.657571 1.22936
0.629082 0.646824 1.22817
0.63063 0.640613 1.22743
0.633292 0.630001 1.22604
0.635954 0.619482 1.22451
0.637502 0.613405 1.22358
0.640164 0.603024 1.22187
0.642826 0.592739 1.22003
0.644374 0.586797 1.21891
0.647036 0.576652 1.2169
0.649698 0.566603 1.21477
0.651246 0.560799 1.21349
0.653908 0.550891 1.21119
0.65657 0.541079 1.20878
0.658118 0.535412 1.20734
0.66078 0.525742 1.20478
0.663442 0.516166 1.20212
0.66499 0.510638 1.20053
0.667652 0.501203 1.19772
0.670314 0.491863 1.19482
0.671862 0.48647 1.19309
0.674524 0.477269 1.19005
0.677186 0.468162 1.18692
0.678734 0.462904 1.18507
0.681396 0.453933 1.18181
0.684058 0.445054 1.17847
0.685606 0.439928 1.1765
0.688268 0.431183 1.17303
0.69093 0.422528 1.16949
0.692478 0.41753 1.16741
0.69514 0.409006 1.16375
0.697802 0.400569 1.16002
0.69935 0.395697 1.15783
0.702012 0.387388 1.15399
0.704674 0.379162 1.15008
0.706222 0.374413 1.14778
0.708884 0.366311 1.14377
0.711546 0.35829 1.13969
0.713094 0.353658 1.1373
0.715756 0.345757 1.13312
0.718418 0.337934 1.12888
0.719966 0.333415 1.12639
0.722628 0.325707 1.12205
0.72529 0.318073 1.11765
0.726838 0.313663 1.11507
0.7295 0.30614 1.11057
0.732162 0.298687 1.10602
0.73371 0.294381 1.10335
0.736372 0.287034 1.0987
0.739034 0.279754 1.09399
0.740582 0.275548 1.09123
0.743244 0.268368 1.08643
0.745906 0.261252 1.08157
0.747454 0.257139 1.07872
0.750116 0.250119 1.07376
0.752778 0.243158 1.06875
0.754326 0.239133 1.0658
0.756988 0.232263 1.0607
0.75965 0.225448 1.05552
0.761198 0.221506 1.05249
0.76386 0.214776 1.04722
0.766522 0.208098 1.04188
0.76807 0.204235 1.03875
0.770732 0.197637 1.03331
0.773394 0.191086 1.0278
0.774942 0.187296 1.02457
0.777604 0.18082 1.01895
0.780266 0.174388 1.01327
0.781814 0.170665 1.00992
0.784476 0.164302 1.00411
0.787138 0.15798 0.998235
0.788686 0.154319 0.994772
0.791348 0.148062 0.988765
0.79401 0.14184 0.982675
0.795558 0.138236 0.979086
0.79822 0.132075 0.972857
0.800882 0.125946 0.966538
0.80243 0.122395 0.96281
0.805092 0.116321 0.956338
0.807754 0.110277 0.949767
0.809302 0.106773 0.945887
0.811964 0.10078 0.939146
0.814626 0.0948124 0.932295
0.816174 0.0913526 0.928245
0.818836 0.0854334 0.921206
0.821498 0.0795362 0.914042
0.823046 0.0761165 0.909802
0.825708 0.0702653 0.902427
0.82837 0.0644332 0.894912
0.829918 0.0610509 0.890459
0.83258 0.0552632 0.882705
0.835242 0.0494926 0.874793
0.83679 0.0461461 0.870098
0.839452 0.0404195 0.861915
0.842114 0.0347089 0.853551
0.843662 0.0313978 0.84858
0.846324 0.0257329 0.839907
0.848986 0.0200838 0.831027
0.850534 0.0168098 0.825739
0.853196 0.0112107 0.816505
0.855858 0.00562908 0.807031
0.857406 0.00239667 0.80138
0.860068 -0.00312729 0.791497
0.86273 -0.00862973 0.781337
0.864278 -0.0118122 0.775264
0.86694 -0.0172444 0.764629
0.869602 -0.0226475 0.753671
0.87115 -0.0257664 0.747107
0.873812 -0.0310797 0.735595
0.876474 -0.0363517 0.723704
0.878022 -0.0393855 0.716565
0.880684 -0.0445383 0.704023
0.883346 -0.0496306 0.691034
0.884894 -0.0525467 0.683217
0.887556 -0.0574763 0.669459
0.890218 -0.0623156 0.655169
0.891766 -0.0650656 0.646547
0.894428 -0.0696783 0.631344
0.89709 -0.0741557 0.615502
0.898638 -0.0766672 0.605919
0.9013 -0.0808237 0.588984
0.903962 -0.0847768 0.57128
0.90551 -0.0869422 0.560541
0.908172 -0.0904346 0.541518
0.910834 -0.0936199 0.521561
0.912382 -0.0952777 0.509421
0.915044 -0.0977926 0.487863
0.917706 -0.0998418 0.465163
0.919254 -0.100747 0.451315
0.921916 -0.101807 0.42666
0.924578 -0.102154 0.400601
0.926126 -0.101929 0.384661
0.928788 -0.100793 0.356205
0.93145 -0.0985554 0.326019
0.932998 -0.0966087 0.307517
0.93566 -0.0921087 0.274393
0.938322 -0.0858771 0.23915
0.93987 -0.0812643 0.217529
0.942532 -0.0715119 0.178723
0.945194 -0.0589937 0.137377
0.946742 -0.0501756 0.112057
0.949404 -0.0320554 0.0665303
0.952066 -0.00943753 0.0181443
0.953614 0.00613458 -0.0112663
0.956276 0.0378636 -0.0641147
0.958938 0.077008 -0.119607
0.960486 0.103576 -0.15265
0.963148 0.15779 -0.211558
0.96581 0.224201 -0.271072
0.967358 0.268643 -0.304593
0.97002 0.359921 -0.362282
0.972682 0.470251 -0.413101
0.97423 0.542807 -0.436583
0.976892 0.691642 -0.468083
0.979554 0.867435 -0.472016
0.981102 0.966126 -0.448976
0.983764 1.21048 -0.388123
0.986426 1.43901 -0.167574
0.987218 1.50431 -0.0557077
0.98728 1.51726 -0.0486661
0.987342 1.52323 -0.00836606
0.987378 1.50364 -0.00311797
0.98744 1.49541 0.00596352
0.987502 1.48882 0.0140526
0.987538 1.48561 0.0184214
0.9876 1.48071 0.0255258
0.987662 1.47637 0.0322153
0.987698 1.47405 0.0359307
0.98776 1.47036 0.0420879
0.987822 1.46695 0.0479949
0.987858 1.46508 0.0513178
0.98792 1.46205 0.0568765
0.987982 1.4592 0.0622633
0.988018 1.45761 0.0653157
0.98808 1.45501 0.0704507
0.988142 1.45254 0.0754584
0.988178 1.45116 0.0783095
0.98824 1.44888 0.0831238
0.988302 1.4467 0.0878392
0.988338 1.44547 0.0905327
0.9884 1.44343 0.0950933
0.988462 1.44147 0.0995742
0.988498 1.44036 0.10214
0.98856 1.43852 0.106494
0.988622 1.43675 0.110781
0.988658 1.43574 0.113241
0.98872 1.43406 0.117422
0.988782 1.43244 0.121547
0.988818 1.43151 0.123918
0.98888 1.42997 0.127951
0.988942 1.42848 0.131937
0.988978 1.42762 0.134231
0.98904 1.4262 0.138138
0.989102 1.42482 0.142004
0.989138 1.42403 0.144231
0.9892 1.42271 0.148027
0.989262 1.42142 0.151789
0.989298 1.42069 0.153957
0.98936 1.41946 0.157657
0.989422 1.41826 0.161327
0.989458 1.41757 0.163444
0.98952 1.41642 0.167058
0.989582 1.4153 0.170646
0.989618 1.41466 0.172718
0.98968 1.41358 0.176257
0.989742 1.41253 0.179773
0.989778 1.41192 0.181804
0.98984 1.41091 0.185276
0.989902 1.40992 0.188727
0.989938 1.40935 0.190723
0.99 1.4084 0.194135
0.990062 1.40747 0.197529
0.990098 1.40693 0.199493
0.99016 1.40604 0.202852
0.990222 1.40516 0.206196
0.990258 1.40465 0.208131
0.99032 1.40381 0.211443
0.990382 1.40298 0.214742
0.990418 1.4025 0.216652
0.99048 1.4017 0.219922
0.990542 1.40091 0.223181
0.990578 1.40046 0.225069
0.99064 1.3997 0.228303
0.990702 1.39896 0.231527
0.990738 1.39853 0.233396
0.9908 1.39782 0.236598
0.990862 1.39711 0.239792
0.990898 1.39671 0.241645
0.99096 1.39603 0.244819
0.991022 1.39537 0.247988
0.991058 1.39498 0.249826
0.99112 1.39434 0.252978
0.991182 1.39371 0.256125
0.991218 1.39335 0.257952
0.99128 1.39274 0.261084
0.991342 1.39214 0.264215
0.991378 1.3918 0.266032
0.99144 1.39122 0.26915
0.991502 1.39066 0.272268
0.991538 1.39033 0.274078
0.9916 1.38979 0.277186
0.991662 1.38925 0.280295
0.991698 1.38895 0.282101
0.99176 1.38843 0.285202
0.991822 1.38793 0.288306
0.991858 1.38763 0.290111
0.99192 1.38715 0.29321
0.991982 1.38667 0.296314
0.992018 1.38639 0.298119
0.99208 1.38594 0.30122
0.992142 1.38549 0.304329
0.992178 1.38523 0.306137
0.99224 1.38479 0.309245
0.992302 1.38437 0.312363
0.992338 1.38413 0.314178
0.9924 1.38372 0.317298
0.992462 1.38332 0.320431
0.992498 1.38309 0.322254
0.99256 1.38271 0.325392
0.992622 1.38234 0.328545
0.992658 1.38212 0.330381
0.99272 1.38177 0.333543
0.992782 1.38142 0.336722
0.992818 1.38122 0.338575
0.99288 1.38089 0.341766
0.992942 1.38057 0.344979
0.992978 1.38038 0.346853
0.99304 1.38007 0.350082
0.993102 1.37978 0.353336
0.993138 1.3796 0.355235
0.9932 1.37932 0.358511
0.993262 1.37905 0.361817
0.993298 1.37889 0.363747
0.99336 1.37863 0.36708
0.993422 1.37839 0.370448
0.993458 1.37824 0.372417
0.99352 1.37801 0.375819
0.993582 1.37779 0.379263
0.993618 1.37765 0.381279
0.99368 1.37745 0.384765
0.993742 1.37725 0.388302
0.993778 1.37714 0.390376
0.99384 1.37696 0.393966
0.993902 1.37679 0.397618
0.993938 1.37669 0.399763
0.994 1.37654 0.403481
0.994062 1.3764 0.407278
0.994098 1.37631 0.409512
0.99416 1.3762 0.413394
0.994222 1.3761 0.417375
0.994258 1.37602 0.419724
0.99432 1.37594 0.423816
0.994382 1.37588 0.42804
0.994418 1.37582 0.430542
0.99448 1.37578 0.434918
0.994542 1.37576 0.439476
0.994578 1.37572 0.442192
0.99464 1.37574 0.446971
0.994702 1.37577 0.452021
0.994738 1.37573 0.455063
0.9948 1.37583 0.460466
0.994862 1.37593 0.466332
0.994898 1.37588 0.469941
0.99496 1.37611 0.476492
0.995022 1.37645 0.484023
0.995058 1.37525 0.489401
0.99512 1.37756 0.498684
0.995182 1.37423 0.518213
0.995436 1.33257 0.529689
0.996248 1.28402 0.548478
0.99706 1.24998 0.566375
0.997532 1.23243 0.572889
0.998344 1.2083 0.585861
0.999156 1.18705 0.597707
0.999628 1.17584 0.604351
1.00044 1.15811 0.61504
1.00125 1.14202 0.625259
1.00172 1.1332 0.631029
1.00254 1.11902 0.640455
1.00335 1.10583 0.649551
1.00382 1.09853 0.654666
1.00463 1.08661 0.6632
1.00544 1.07535 0.671433
1.00592 1.0691 0.676064
1.00673 1.05875 0.683898
1.00754 1.04888 0.691429
1.00801 1.04338 0.695704
1.00882 1.03421 0.702909
1.00964 1.02542 0.70988
1.01011 1.02046 0.713865
1.01092 1.01222 0.720535
1.01173 1.00427 0.727046
1.0122 0.999747 0.730777
1.01302 0.992231 0.736991
1.01383 0.984959 0.743115
1.0143 0.980799 0.746577
1.01511 0.973876 0.752437
1.01592 0.967146 0.758181
1.0164 0.963315 0.76145
1.01721 0.956872 0.766995
1.01802 0.950595 0.772405
1.01849 0.947036 0.775504
1.0193 0.940997 0.780764
1.02012 0.935105 0.785877
1.02059 0.931761 0.788831
1.0214 0.926087 0.79381
1.02221 0.920541 0.798689
1.02268 0.917365 0.801497
1.0235 0.912005 0.80623
1.02431 0.906754 0.810894
1.02478 0.903727 0.813567
1.02559 0.89864 0.818079
1.0264 0.893642 0.822543
1.02688 0.890763 0.825083
1.02769 0.885908 0.829413
1.0285 0.88113 0.833674
1.02897 0.87839 0.836117
1.02978 0.873733 0.840273
1.0306 0.869152 0.844349
1.03107 0.86653 0.846702
1.03188 0.862055 0.850692
1.03269 0.857652 0.854607
1.03316 0.855126 0.856872
1.03398 0.850823 0.860704
1.03479 0.846582 0.864481
1.03526 0.844136 0.866658
1.03607 0.839988 0.870345
1.03688 0.835892 0.873995
1.03736 0.833523 0.876085
1.03817 0.829511 0.879643
1.03898 0.825545 0.883164
1.03945 0.823254 0.88518
1.04026 0.819362 0.888622
1.04108 0.815512 0.892016
1.04155 0.813295 0.893972
1.04236 0.809509 0.897302
1.04317 0.805765 0.900578
1.04364 0.803611 0.902476
1.04446 0.799927 0.905696
1.04527 0.796282 0.908871
1.04574 0.794179 0.910707
1.04655 0.79059 0.913823
1.04736 0.787033 0.916904
1.04784 0.784973 0.918678
1.04865 0.781463 0.921691
1.04946 0.777974 0.924668
1.04993 0.775902 0.926358
1.05074 0.772561 0.929137
1.05156 0.769317 0.93202
1.05203 0.767421 0.933703
1.05284 0.764184 0.936632
1.05365 0.760906 0.939587
1.05412 0.759007 0.941269
1.05494 0.755538 0.944152
1.05575 0.752207 0.946634
1.05622 0.750467 0.948306
1.05703 0.747326 0.950972
1.05784 0.744228 0.953726
1.05832 0.74239 0.95531
1.05913 0.739234 0.958046
1.05994 0.73599 0.960762
1.06041 0.734094 0.962103
1.06122 0.731083 0.964618
1.06204 0.728091 0.967168
1.06251 0.726348 0.968664
1.06332 0.723346 0.971238
1.06413 0.720311 0.973816
1.0646 0.718497 0.975275
1.06542 0.715437 0.977682
1.06623 0.712483 0.980001
1.0667 0.710827 0.981442
1.06751 0.707932 0.983848
1.06832 0.705037 0.986293
1.0688 0.703342 0.987693
1.06961 0.700364 0.990098
1.07042 0.697409 0.992354
1.07089 0.695763 0.993669
1.0717 0.692955 0.995934
1.07252 0.690162 0.99824
1.07299 0.688526 0.999575
1.0738 0.685708 1.00188
1.07461 0.682856 1.00417
1.07508 0.68114 1.00544
1.0759 0.678376 1.00755
1.07671 0.675664 1.00973
1.07718 0.67407 1.01099
1.07799 0.671353 1.01319
1.0788 0.668612 1.01538
1.07928 0.667016 1.01664
1.08009 0.664203 1.01878
1.0809 0.661473 1.02074
1.08137 0.65997 1.02202
1.08218 0.657307 1.02408
1.083 0.654661 1.02618
1.08347 0.653102 1.02739
1.08428 0.65042 1.02948
1.08509 0.647705 1.03153
1.08556 0.646145 1.03262
1.08638 0.643553 1.03461
1.08719 0.640962 1.0366
1.08766 0.639453 1.03777
1.08847 0.636851 1.03978
1.08928 0.634233 1.04178
1.08976 0.632676 1.04291
1.09057 0.630072 1.04481
1.09138 0.627517 1.0467
1.09185 0.626042 1.04783
1.09266 0.6235 1.04975
1.09348 0.620951 1.05168
1.09395 0.619465 1.05279
1.09476 0.616867 1.05469
1.09557 0.6143 1.05649
1.09604 0.612857 1.05759
1.09686 0.610353 1.05942
1.09767 0.607861 1.06128
1.09814 0.606395 1.06236
1.09895 0.603888 1.06421
1.09976 0.60134 1.06606
1.10101 0.597524 1.06876
1.1045 0.586871 1.0764
1.10799 0.57636 1.08377
1.11001 0.570256 1.08817
1.1135 0.55987 1.09526
1.11699 0.549594 1.10238
1.11901 0.543569 1.10639
1.1225 0.533364 1.11325
1.12599 0.523173 1.12002
1.12801 0.517251 1.12385
1.1315 0.507129 1.13044
1.13499 0.496982 1.13693
1.13701 0.49111 1.14058
1.1405 0.480998 1.14693
1.14399 0.470872 1.15311
1.14601 0.465007 1.15673
1.1495 0.454853 1.16281
1.15299 0.4447 1.1688
1.15501 0.43876 1.1723
1.1585 0.428539 1.17815
1.16199 0.418285 1.18398
1.16401 0.41227 1.18732
1.1675 0.401917 1.19302
1.17099 0.391491 1.19865
1.17301 0.385382 1.20188
1.1765 0.374839 1.20739
1.17999 0.364198 1.21284
1.18201 0.357961 1.21595
1.1855 0.34717 1.22128
1.18899 0.336261 1.22652
1.19101 0.329872 1.22953
1.1945 0.318781 1.23465
1.19799 0.307562 1.23967
1.20001 0.300973 1.24256
1.2035 0.289545 1.24742
1.20699 0.277987 1.2522
1.20901 0.271199 1.25494
1.2125 0.25938 1.25959
1.21599 0.247403 1.2641
1.21801 0.240338 1.26672
1.2215 0.228062 1.27103
1.22499 0.215619 1.27524
1.22701 0.208244 1.27764
1.2305 0.19547 1.28158
1.23399 0.182467 1.28543
1.23601 0.174797 1.28748
1.2395 0.161473 1.29103
1.24299 0.147893 1.29432
1.24501 0.139934 1.29612
1.2485 0.125989 1.2991
1.25199 0.11184 1.30173
1.25401 0.103526 1.30323
1.2575 0.089006 1.30546
1.26099 0.0742963 1.30741
1.26301 0.0655995 1.30842
1.2665 0.0505231 1.30982
1.26999 0.0352513 1.31092
1.27201 0.0261998 1.31139
1.2755 0.0105736 1.31181
1.27899 -0.00530046 1.31191
1.28101 -0.0146166 1.31157
1.2845 -0.0307706 1.31092
1.28799 -0.0471401 1.30962
1.29001 -0.0566693 1.30863
1.2935 -0.0732996 1.30646
1.29699 -0.0899802 1.3035
1.29901 -0.0997317 1.30157
1.3025 -0.116428 1.2973
1.30599 -0.132757 1.29221
1.30801 -0.142042 1.28899
1.3115 -0.157632 1.28295
1.31499 -0.172785 1.27648
1.31701 -0.181406 1.27252
1.3205 -0.195876 1.26542
1.32399 -0.209928 1.25797
1.32601 -0.217918 1.25352
1.3295 -0.231319 1.24561
1.33299 -0.244321 1.23746
1.33501 -0.251706 1.23261
1.3385 -0.264087 1.22411
1.34199 -0.276087 1.21541
1.34401 -0.282899 1.21028
1.3475 -0.294308 1.20132
1.35099 -0.305357 1.19222
1.35301 -0.311623 1.18687
1.3565 -0.322112 1.17758
1.35999 -0.332259 1.16819
1.36201 -0.33801 1.16268
1.3655 -0.347629 1.15316
1.36899 -0.356925 1.14356
1.37101 -0.36219 1.13795
1.3745 -0.370989 1.12827
1.37799 -0.379484 1.11854
1.38001 -0.384292 1.11287
1.3835 -0.39232 1.10309
1.38699 -0.400063 1.0933
1.38901 -0.404441 1.08759
1.3925 -0.411746 1.07778
1.39599 -0.418785 1.06797
1.39801 -0.422761 1.06226
1.4015 -0.429389 1.05246
1.40499 -0.435768 1.04268
1.40701 -0.439368 1.03699
1.4105 -0.445364 1.02724
1.41399 -0.451126 1.01752
1.41601 -0.454375 1.01188
1.4195 -0.459781 1.00221
1.42299 -0.464969 0.992576
1.42501 -0.46789 0.986991
1.4285 -0.472746 0.977428
1.43199 -0.477398 0.967913
1.43401 -0.480015 0.9624
1.4375 -0.484357 0.952966
1.44099 -0.488512 0.943588
1.44301 -0.490845 0.938157
1.4465 -0.494711 0.92887
1.44999 -0.498402 0.919644
1.45201 -0.500471 0.914304
1.4555 -0.503894 0.905179
1.45899 -0.507155 0.896119
1.46101 -0.508979 0.890877
1.4645 -0.511991 0.881924
1.46799 -0.514852 0.87304
1.47001 -0.51645 0.867903
1.4735 -0.51908 0.859131
1.47699 -0.521571 0.850431
1.47901 -0.522958 0.845402
1.4825 -0.525235 0.836818
1.48599 -0.527382 0.828309
1.48801 -0.528573 0.823391
1.4915 -0.530523 0.815
1.49499 -0.532352 0.806685
1.49701 -0.533362 0.80188
1.5005 -0.535009 0.793685
1.50399 -0.536544 0.785567
1.50601 -0.537387 0.780878
1.5095 -0.538753 0.772881
1.51299 -0.540015 0.764961
1.51501 -0.540704 0.760388
1.5185 -0.54181 0.75259
1.52199 -0.542822 0.744869
1.52401 -0.543368 0.740411
1.5275 -0.544234 0.732812
1.53099 -0.545013 0.725289
1.53301 -0.545427 0.720947
1.5365 -0.546073 0.713545
1.53999 -0.546637 0.70622
1.54201 -0.54693 0.701992
1.5455 -0.547371 0.694787
1.54899 -0.547738 0.687657
1.55101 -0.547918 0.683543
1.5545 -0.548171 0.676531
1.55799 -0.548356 0.669595
1.56001 -0.548432 0.665592
1.5635 -0.548512 0.658772
1.56699 -0.548529 0.652026
1.56901 -0.54851 0.648133
1.5725 -0.548431 0.641501
1.57599 -0.548293 0.634942
1.57801 -0.548187 0.631157
1.5815 -0.547961 0.624711
1.58499 -0.547681 0.618335
1.58701 -0.547495 0.614656
1.5905 -0.547134 0.608391
1.59399 -0.546724 0.602195
1.59601 -0.546463 0.598621
1.5995 -0.545979 0.592533
1.60299 -0.545449 0.586513
1.60501 -0.545121 0.58304
1.6085 -0.544523 0.577126
1.61199 -0.543884 0.571278
1.61401 -0.543493 0.567905
1.6175 -0.542792 0.56216
1.62099 -0.542052 0.55648
1.62301 -0.541605 0.553204
1.6265 -0.540809 0.547624
1.62999 -0.539978 0.542108
1.63201 -0.539479 0.538926
1.6355 -0.538595 0.533508
1.63899 -0.537681 0.528151
1.64101 -0.537134 0.525061
1.6445 -0.536172 0.5198
1.64799 -0.535181 0.514599
1.65001 -0.534592 0.511599
1.6535 -0.533558 0.50649
1.65699 -0.532497 0.50144
1.65901 -0.531869 0.498527
1.6625 -0.530769 0.493567
1.66599 -0.529646 0.488663
1.66801 -0.528982 0.485835
1.6715 -0.527823 0.48102
1.67499 -0.526643 0.476259
1.67701 -0.525947 0.473513
1.6805 -0.524735 0.468838
1.68399 -0.523504 0.464216
1.68601 -0.522778 0.461551
1.6895 -0.521518 0.457012
1.69299 -0.52024 0.452524
1.69501 -0.519489 0.449936
1.6985 -0.518185 0.44553
1.70199 -0.516866 0.441173
1.70401 -0.516091 0.43866
1.7075 -0.514749 0.434382
1.71099 -0.513393 0.430152
1.71301 -0.512597 0.427713
1.7165 -0.51122 0.423559
1.71999 -0.509831 0.419452
1.72201 -0.509016 0.417083
1.7255 -0.507609 0.41305
1.72899 -0.50619 0.409063
1.73101 -0.50536 0.406763
1.7345 -0.503925 0.402847
1.73799 -0.50248 0.398975
1.74001 -0.501635 0.396742
1.7435 -0.500177 0.392939
1.74699 -0.49871 0.389179
1.74901 -0.497852 0.387011
1.7525 -0.496373 0.383318
1.75599 -0.494887 0.379667
1.75801 -0.494019 0.377561
1.7615 -0.492522 0.373975
1.76499 -0.491018 0.370429
1.76701 -0.490141 0.368384
1.7705 -0.488629 0.364901
1.77399 -0.487112 0.361457
1.77601 -0.486226 0.359471
1.7795 -0.484702 0.356088
1.78299 -0.483173 0.352743
1.78501 -0.482281 0.350814
1.7885 -0.480746 0.347528
1.79199 -0.479207 0.344279
1.79401 -0.47831 0.342404
1.7975 -0.476767 0.339212
1.80099 -0.475221 0.336056
1.80301 -0.47432 0.334235
1.8065 -0.47277 0.331134
1.80999 -0.471219 0.328067
1.81201 -0.470315 0.326298
1.8155 -0.468761 0.323285
1.81899 -0.467205 0.320306
1.82101 -0.466299 0.318587
1.8245 -0.464742 0.315659
1.82799 -0.463185 0.312764
1.83001 -0.462278 0.311093
1.8335 -0.460719 0.308248
1.83699 -0.459161 0.305434
1.83901 -0.458254 0.303811
1.8425 -0.456696 0.301046
1.84599 -0.455138 0.298311
1.84801 -0.454231 0.296734
1.8515 -0.452674 0.294046
1.85499 -0.451118 0.291388
1.85701 -0.450213 0.289854
1.8605 -0.448659 0.287242
1.86399 -0.447106 0.284658
1.86601 -0.446202 0.283167
1.8695 -0.444652 0.280628
1.87299 -0.443103 0.278115
1.87501 -0.442202 0.276666
1.8785 -0.440656 0.274197
1.88199 -0.439112 0.271754
1.88401 -0.438215 0.270345
1.8875 -0.436674 0.267944
1.89099 -0.435136 0.265569
1.89301 -0.434242 0.264198
1.8965 -0.432708 0.261863
1.89999 -0.431177 0.259553
1.90201 -0.430287 0.25822
1.9055 -0.428761 0.25595
1.90899 -0.427237 0.253703
1.91101 -0.426351 0.252406
1.9145 -0.424833 0.250198
1.91799 -0.423317 0.248012
1.92001 -0.422437 0.246751
1.9235 -0.420926 0.244602
1.92699 -0.41942 0.242477
1.92901 -0.418544 0.24125
1.9325 -0.417043 0.239159
1.93599 -0.415546 0.237091
1.93801 -0.414676 0.235897
1.9415 -0.413185 0.233863
1.94499 -0.411698 0.23185
1.94701 -0.410834 0.230689
1.9505 -0.409353 0.228709
1.95399 -0.407875 0.226751
1.95601 -0.407018 0.22562
1.9595 -0.405547 0.223694
1.96299 -0.404081 0.221788
1.96501 -0.403229 0.220687
1.9685 -0.40177 0.218812
1.97199 -0.400315 0.216957
1.97401 -0.39947 0.215886
1.9775 -0.398022 0.214061
1.98099 -0.396578 0.212254
1.98301 -0.39574 0.211212
1.9865 -0.394304 0.209435
1.98999 -0.392872 0.207676
1.99201 -0.392041 0.206661
1.9955 -0.390616 0.204931
1.99899 -0.389196 0.203219
2.00338 -0.387412 0.201084
2.015 -0.382735 0.195574
2.02662 -0.37811 0.190247
2.03338 -0.375444 0.187229
2.045 -0.370909 0.182181
2.05662 -0.366428 0.177298
2.06338 -0.363846 0.174531
2.075 -0.359456 0.169899
2.08662 -0.355122 0.165418
2.09338 -0.352627 0.162877
2.105 -0.348384 0.158623
2.11662 -0.344199 0.154505
2.12338 -0.341789 0.152169
2.135 -0.337695 0.148257
2.14662 -0.333657 0.144469
2.15338 -0.331334 0.142319
2.165 -0.327386 0.138717
2.17662 -0.323494 0.135226
2.18338 -0.321255 0.133245
2.195 -0.317452 0.129925
2.20662 -0.313704 0.126706
2.21338 -0.311548 0.124878
2.225 -0.307886 0.121813
2.23662 -0.304278 0.118841
2.24338 -0.302203 0.117153
2.255 -0.298679 0.114321
2.26662 -0.295207 0.111574
2.27338 -0.29321 0.110013
2.285 -0.28982 0.107393
2.29662 -0.28648 0.104851
2.30338 -0.28456 0.103406
2.315 -0.281299 0.10098
2.32662 -0.278087 0.0986242
2.33338 -0.27624 0.0972848
2.345 -0.273104 0.095036
2.35662 -0.270015 0.0928514
2.36338 -0.268238 0.0916087
2.375 -0.265223 0.0895217
2.38662 -0.262253 0.0874934
2.39338 -0.260544 0.0863394
2.405 -0.257645 0.0844005
2.41662 -0.254788 0.0825155
2.42338 -0.253145 0.0814426
2.435 -0.250357 0.0796395
2.44662 -0.24761 0.0778858
2.45338 -0.24603 0.0768874
2.465 -0.243348 0.0752089
2.47662 -0.240706 0.0735759
2.48338 -0.239186 0.0726458
2.495 -0.236606 0.0710819
2.50662 -0.234065 0.0695597
2.51338 -0.232603 0.0686925
2.525 -0.230121 0.0672338
2.53662 -0.227676 0.0658136
2.54338 -0.226269 0.0650043
2.555 -0.223881 0.0636426
2.56662 -0.221528 0.0623164
2.57338 -0.220174 0.0615604
2.585 -0.217876 0.060288
2.59662 -0.215611 0.0590484
2.60338 -0.214308 0.0583416
2.615 -0.212095 0.0571517
2.62662 -0.209914 0.0559919
2.63338 -0.20866 0.0553305
2.645 -0.206529 0.0542168
2.65662 -0.204429 0.0531309
2.66338 -0.203221 0.0525115
2.675 -0.201169 0.0514681
2.68662 -0.199146 0.0504505
2.69338 -0.197982 0.0498699
2.705 -0.196005 0.0488917
2.71662 -0.194056 0.0479373
2.72338 -0.192935 0.0473926
2.735 -0.191029 0.0464747
2.74662 -0.189151 0.0455789
2.75338 -0.18807 0.0450675
2.765 -0.186233 0.0442055
2.77662 -0.184422 0.0433641
2.78338 -0.18338 0.0428836
2.795 -0.181609 0.0420735
2.80662 -0.179862 0.0412825
2.81338 -0.178857 0.0408307
2.825 -0.177148 0.0400688
2.83662 -0.175463 0.0393246
2.84338 -0.174494 0.0388994
2.855 -0.172845 0.0381823
2.86662 -0.171219 0.0374817
2.87338 -0.170283 0.0370814
2.885 -0.168693 0.0364059
2.89662 -0.167123 0.0357459
2.90338 -0.16622 0.0353686
2.915 -0.164684 0.034732
2.92662 -0.163168 0.0341096
2.93338 -0.162296 0.0337539
2.945 -0.160812 0.0331534
2.95662 -0.159349 0.0325663
2.96338 -0.158506 0.0322306
2.975 -0.157073 0.0316638
2.98662 -0.155659 0.0311095
2.99338 -0.154844 0.0307926
3.005 -0.153459 0.0302573
3.01662 -0.152092 0.0297336
3.02338 -0.151305 0.0294341
3.035 -0.149967 0.0289283
3.04662 -0.148645 0.0284333
3.05338 -0.147884 0.0281501
3.065 -0.14659 0.0276717
3.07662 -0.145312 0.0272035
3.08338 -0.144576 0.0269355
3.095 -0.143324 0.0264829
3.10662 -0.142087 0.0260397
3.11338 -0.141375 0.0257861
3.125 -0.140164 0.0253575
3.13662 -0.138968 0.0249378
3.14338 -0.138278 0.0246975
3.155 -0.137106 0.0242915
3.16662 -0.135948 0.0238938
3.17338 -0.135281 0.0236661
3.185 -0.134146 0.0232811
3.19662 -0.133024 0.022904
3.20338 -0.132378 0.0226881
3.215 -0.131279 0.022323
3.22662 -0.130193 0.0219653
3.23338 -0.129567 0.0217604
3.245 -0.128502 0.0214139
3.25662 -0.12745 0.0210743
3.26338 -0.126844 0.0208798
3.275 -0.125812 0.0205508
3.28662 -0.124792 0.0202283
3.29338 -0.124205 0.0200436
3.305 -0.123204 0.019731
3.31662 -0.122216 0.0194245
3.32338 -0.121646 0.0192489
3.335 -0.120677 0.0189518
3.34662 -0.119718 0.0186605
3.35338 -0.119166 0.0184935
3.365 -0.118225 0.0182109
3.37662 -0.117296 0.0179338
3.38338 -0.11676 0.0177749
3.395 -0.115847 0.0175061
3.40662 -0.114945 0.0172423
3.41338 -0.114425 0.0170911
3.425 -0.11354 0.0168352
3.43662 -0.112665 0.016584
3.44338 -0.11216 0.01644
3.455 -0.111301 0.0161962
3.46662 -0.110451 0.015957
3.47338 -0.109961 0.0158198
3.485 -0.109127 0.0155875
3.49662 -0.108302 0.0153595
3.50338 -0.107826 0.0152287
3.515 -0.107015 0.0150072
3.52662 -0.106214 0.0147898
3.53338 -0.105752 0.0146651
3.545 -0.104965 0.0144538
3.55662 -0.104186 0.0142464
3.56338 -0.103737 0.0141274
3.575 -0.102972 0.0139259
3.58662 -0.102216 0.0137279
3.59338 -0.101779 0.0136143
3.605 -0.101036 0.0134219
3.61662 -0.100301 0.0132329
3.62338 -0.0998765 0.0131244
3.635 -0.0991538 0.0129407
3.64662 -0.0984389 0.0127601
3.65338 -0.0980264 0.0126565
3.665 -0.0973237 0.0124809
3.67662 -0.0966285 0.0123084
3.68338 -0.0962273 0.0122093
3.695 -0.0955438 0.0120415
3.70662 -0.0948675 0.0118765
3.71338 -0.0944772 0.0117819
3.725 -0.0938122 0.0116214
3.73662 -0.0931542 0.0114636
3.74338 -0.0927745 0.011373
3.755 -0.0921274 0.0112195
3.76662 -0.0914871 0.0110685
3.77338 -0.0911175 0.0109819
3.785 -0.0904876 0.0108349
3.79662 -0.0898643 0.0106904
3.80338 -0.0895045 0.0106075
3.815 -0.0888913 0.0104668
3.82662 -0.0882844 0.0103285
3.83338 -0.0879341 0.010249
3.845 -0.087337 0.0101143
3.85662 -0.0867459 0.00998173
3.86338 -0.0864047 0.00990561
3.875 -0.0858231 0.00977651
3.88662 -0.0852474 0.00964952
3.89338 -0.084915 0.00957656
3.905 -0.0843484 0.00945282
3.91662 -0.0837875 0.00933109
3.92338 -0.0834636 0.00926114
3.935 -0.0829115 0.0091425
3.94662 -0.0823649 0.00902575
3.95338 -0.0820493 0.00895867
3.965 -0.0815112 0.00884487
3.97662 -0.0809784 0.00873288
3.98338 -0.0806707 0.00866852
3.995 -0.0801462 0.00855933
4.00662 -0.0796267 0.00845185
4.01338 -0.0793267 0.00839009
4.025 -0.0788153 0.00828527
4.03662 -0.0783087 0.0081821
4.04338 -0.0780162 0.0081228
4.055 -0.0775174 0.00802216
4.06662 -0.0770234 0.00792309
4.07338 -0.076738 0.00786614
4.085 -0.0762515 0.00776947
4.09662 -0.0757695 0.0076743
4.10338 -0.0754912 0.00761959
4.115 -0.0750165 0.00752671
4.12662 -0.0745462 0.00743526
4.13338 -0.0742746 0.00738267
4.145 -0.0738114 0.00729341
4.15662 -0.0733525 0.0072055
4.16338 -0.0730874 0.00715495
4.175 -0.0726352 0.00706912
4.18662 -0.0721873 0.00698459
4.19338 -0.0719285 0.00693598
4.205 -0.0714871 0.00685344
4.21662 -0.0710498 0.00677214
4.22338 -0.0707972 0.00672538
4.235 -0.0703662 0.00664597
4.24662 -0.0699392 0.00656774
4.25338 -0.0696925 0.00652275
4.265 -0.0692716 0.00644634
4.27662 -0.0688546 0.00637105
4.28338 -0.0686136 0.00632774
4.295 -0.0682025 0.00625418
4.30662 -0.0677951 0.0061817
4.31338 -0.0675597 0.00614
4.325 -0.0671581 0.00606917
4.33662 -0.0667601 0.00599937
4.34338 -0.0665301 0.00595921
4.355 -0.0661377 0.00589099
4.36662 -0.0657487 0.00582375
4.37338 -0.065524 0.00578507
4.385 -0.0651405 0.00571934
4.39662 -0.0647604 0.00565455
4.40338 -0.0645407 0.00561727
4.415 -0.0641658 0.00555393
4.42662 -0.0637942 0.00549148
4.43338 -0.0635795 0.00545555
4.445 -0.063213 0.00539449
4.45662 -0.0628497 0.00533428
4.46338 -0.0626398 0.00529964
4.475 -0.0622814 0.00524076
4.48662 -0.0619262 0.0051827
4.49338 -0.0617209 0.00514928
4.505 -0.0613705 0.0050925
4.51662 -0.061023 0.00503649
4.52338 -0.0608222 0.00500426
4.535 -0.0604795 0.00494947
4.54662 -0.0601396 0.00489543
4.55338 -0.0599432 0.00486433
4.565 -0.0596079 0.00481145
4.57662 -0.0592754 0.0047593
4.58338 -0.0590832 0.00472928
4.595 -0.0587551 0.00467824
4.60662 -0.0584298 0.0046279
4.61338 -0.0582417 0.00459891
4.625 -0.0579207 0.00454964
4.63662 -0.0576023 0.00450102
4.64338 -0.0574182 0.00447303
4.655 -0.057104 0.00442544
4.66662 -0.0567924 0.00437849
4.67338 -0.0566122 0.00435145
4.685 -0.0563047 0.00430548
4.69662 -0.0559996 0.00426012
4.70338 -0.0558232 0.00423399
4.715 -0.0555221 0.00418958
4.72662 -0.0552234 0.00414574
4.73338 -0.0550507 0.0041205
4.745 -0.0547559 0.00407757
4.75662 -0.0544634 0.0040352
4.76338 -0.0542943 0.0040108
4.775 -0.0540055 0.0039693
4.78662 -0.0537191 0.00392834
4.79338 -0.0535534 0.00390474
4.805 -0.0532706 0.00386462
4.81662 -0.0529901 0.00382501
4.82338 -0.0528278 0.00380219
4.835 -0.0525507 0.00376338
4.84662 -0.0522759 0.00372507
4.85338 -0.0521169 0.003703
4.865 -0.0518455 0.00366546
4.87662 -0.0515762 0.0036284
4.88338 -0.0514204 0.00360704
4.895 -0.0511544 0.00357072
4.90662 -0.0508905 0.00353485
4.91338 -0.0507379 0.00351419
4.925 -0.0504772 0.00347903
4.93662 -0.0502186 0.00344432
4.94338 -0.050069 0.00342432
4.955 -0.0498135 0.00339029
4.96662 -0.04956 0.00335668
4.97338 -0.0494133 0.00333732
4.985 -0.0491629 0.00330437
4.99662 -0.0489143 0.00327183
5.01127 -0.0486036 0.00323137
5.05 -0.0477966 0.0031274
5.08873 -0.0470096 0.0030276
5.11127 -0.0465606 0.00297136
5.15 -0.0458041 0.00287776
5.18873 -0.0450661 0.00278783
5.21127 -0.0446448 0.00273711
5.25 -0.0439347 0.00265265
5.28873 -0.0432416 0.00257144
5.31127 -0.0428458 0.00252561
5.35 -0.0421784 0.00244923
5.38873 -0.0415267 0.00237573
5.41127 -0.0411543 0.00233423
5.45 -0.0405263 0.00226503
5.48873 -0.0399126 0.00219839
5.51127 -0.0395619 0.00216073
5.55 -0.0389701 0.00209791
5.58873 -0.0383917 0.00203736
5.61127 -0.038061 0.00200313
5.65 -0.0375027 0.00194599
5.68873 -0.0369568 0.00189087
5.71127 -0.0366445 0.0018597
5.75 -0.0361173 0.00180763
5.78873 -0.0356015 0.00175738
5.81127 -0.0353064 0.00172894
5.85 -0.034808 0.00168141
5.88873 -0.0343201 0.00163551
5.91127 -0.0340409 0.00160952
5.95 -0.0335692 0.00156606
5.98873 -0.0331072 0.00152407
6.01127 -0.0328428 0.00150028
6.05 -0.0323959 0.00146048
6.08873 -0.0319581 0.001422
6.11127 -0.0317074 0.00140019
6.15 -0.0312836 0.00136369
6.18873 -0.0308683 0.00132837
6.21127 -0.0306304 0.00130835
6.25 -0.0302281 0.00127482
6.28873 -0.0298337 0.00124236
6.31127 -0.0296078 0.00122394
6.35 -0.0292256 0.00119309
6.38873 -0.0288508 0.00116322
6.41127 -0.028636 0.00114626
6.45 -0.0282725 0.00111785
6.48873 -0.027916 0.00109031
6.51127 -0.0277116 0.00107467
6.55 -0.0273657 0.00104846
6.58873 -0.0270263 0.00102304
6.61127 -0.0268317 0.00100861
6.65 -0.0265022 0.000984396
6.68873 -0.0261788 0.000960908
6.71127 -0.0259933 0.000947563
6.75 -0.0256793 0.00092517
6.78873 -0.0253709 0.000903437
6.81127 -0.025194 0.000891084
6.85 -0.0248944 0.000870349
6.88873 -0.0246001 0.000850216
6.91127 -0.0244313 0.000838767
6.95 -0.0241452 0.000819544
6.98873 -0.0238642 0.000800871
7.01127 -0.0237029 0.000790248
7.05 -0.0234297 0.000772407
7.08873 -0.0231611 0.000755067
7.11127 -0.023007 0.000745201
7.15 -0.0227457 0.000728622
7.18873 -0.0224889 0.000712504
7.21127 -0.0223414 0.000703329
7.25 -0.0220915 0.000687908
7.28873 -0.0218457 0.000672908
7.31127 -0.0217046 0.000664368
7.35 -0.0214653 0.000650008
7.38873 -0.02123 0.000636035
7.41127 -0.0210948 0.000628077
7.45 -0.0208656 0.000614692
7.48873 -0.0206401 0.000601662
7.51127 -0.0205105 0.000594239
7.55 -0.0202908 0.00058175
7.58873 -0.0200746 0.000569588
7.61127 -0.0199504 0.000562657
7.65 -0.0197397 0.000550993
7.68873 -0.0195323 0.000539631
7.71127 -0.0194131 0.000533153
7.75 -0.0192108 0.000522249
7.78873 -0.0190118 0.000511623
7.81127 -0.0188973 0.000505564
7.85 -0.0187031 0.000495361
7.88873 -0.0185119 0.000485416
7.91127 -0.018402 0.000479743
7.95 -0.0182154 0.000470188
7.98873 -0.0180317 0.00046087
8.01127 -0.0179261 0.000455554
8.05 -0.0177467 0.000446598
8.08873 -0.0175701 0.000437862
8.11127 -0.0174685 0.000432876
8.15 -0.017296 0.000424474
8.18873 -0.0171261 0.000416276
8.21127 -0.0170283 0.000411596
8.25 -0.0168623 0.000403708
8.28873 -0.0166988 0.000396008
8.31127 -0.0166047 0.000391612
8.35 -0.0164449 0.0003842
8.38873 -0.0162874 0.000376963
8.41127 -0.0161968 0.00037283
8.45 -0.0160429 0.00036586
8.48873 -0.0158912 0.000359053
8.51127 -0.0158039 0.000355164
8.55 -0.0156555 0.000348605
8.58873 -0.0155093 0.000342196
8.61127 -0.0154251 0.000338535
8.65 -0.0152821 0.000332358
8.68873 -0.0151411 0.000326321
8.71127 -0.01506 0.000322871
8.75 -0.014922 0.000317049
8.78873 -0.014786 0.000311358
8.81127 -0.0147077 0.000308105
8.85 -0.0145746 0.000302615
8.88873 -0.0144433 0.000297246
8.91127 -0.0143677 0.000294177
8.95 -0.0142393 0.000288995
8.98873 -0.0141125 0.000283927
9.01127 -0.0140395 0.000281029
9.05 -0.0139154 0.000276135
9.08873 -0.013793 0.000271348
9.11127 -0.0137225 0.00026861
9.15 -0.0136026 0.000263985
9.18873 -0.0134843 0.00025946
9.21127 -0.0134162 0.000256871
9.25 -0.0133003 0.000252498
9.28873 -0.0131859 0.000248219
9.31127 -0.0131201 0.000245769
9.35 -0.013008 0.000241632
9.38873 -0.0128975 0.000237581
9.41127 -0.0128338 0.000235263
9.45 -0.0127254 0.000231346
9.48873 -0.0126184 0.00022751
9.51127 -0.0125568 0.000225315
9.55 -0.012452 0.000221604
9.58873 -0.0123485 0.00021797
9.61127 -0.0122889 0.00021589
9.65 -0.0121874 0.000212373
9.68873 -0.0120873 0.000208929
9.71127 -0.0120296 0.000206957
9.75 -0.0119315 0.000203624
9.78873 -0.0118346 0.00020036
9.81127 -0.0117789 0.000198492
9.85 -0.0116843 0.000195338
9.88873 -0.011592 0.000192274
11.1575 -0.00904027 0.000117477
19.8 -0.00281979 1.15604e-05
87.8425 -0.000141814 2.94334e-08
