0 1 0
0.001 1 0
0.002 1 0
0.003 1.00001 0
0.004 1.00001 0
0.005 1.00002 0
0.006 1.00003 0
0.007 1.00004 0
0.008 1.00005 0
0.009 1.00007 0
0.01 1.00009 0
0.011 1.0001 0
0.012 1.00012 0
0.013 1.00015 0
0.014 1.00017 0
0.015 1.00019 0
0.016 1.00022 0
0.017 1.00025 0
0.018 1.00028 0
0.019 1.00031 0
0.02 1.00034 0
0.021 1.00038 0
0.022 1.00042 0
0.023 1.00045 0
0.024 1.00049 0
0.025 1.00054 0
0.026 1.00058 0
0.027 1.00063 0
0.028 1.00067 0
0.029 1.00072 0
0.03 1.00077 0
0.031 1.00083 0
0.032 1.00088 0
0.033 1.00094 0
0.034 1.00099 0
0.035 1.00105 0
0.036 1.00111 0
0.037 1.00118 0
0.038 1.00124 0
0.039 1.00131 0
0.04 1.00138 0
0.041 1.00145 0
0.042 1.00152 0
0.043 1.00159 0
0.044 1.00167 0
0.045 1.00174 0
0.046 1.00182 0
0.047 1.0019 0
0.048 1.00198 0
0.049 1.00207 0
0.05 1.00215 0
0.051 1.00224 0
0.052 1.00233 0
0.053 1.00242 0
0.054 1.00251 0
0.055 1.00261 0
0.056 1.0027 0
0.057 1.0028 0
0.058 1.0029 0
0.059 1.003 0
0.06 1.00311 0
0.061 1.00321 0
0.062 1.00332 0
0.063 1.00343 0
0.064 1.00354 0
0.065 1.00365 0
0.066 1.00376 0
0.067 1.00388 0
0.068 1.004 0
0.069 1.00411 0
0.07 1.00424 0
0.071 1.00436 0
0.072 1.00448 0
0.073 1.00461 0
0.074 1.00474 0
0.075 1.00487 0
0.076 1.005 0
0.077 1.00513 0
0.078 1.00527 0
0.079 1.0054 0
0.08 1.00554 0
0.081 1.00568 0
0.082 1.00583 0
0.083 1.00597 0
0.084 1.00612 0
0.085 1.00626 0
0.086 1.00641 0
0.087 1.00657 0
0.088 1.00672 0
0.089 1.00688 0
0.09 1.00703 0
0.091 1.00719 0
0.092 1.00735 0
0.093 1.00751 0
0.094 1.00768 0
0.095 1.00785 0
0.096 1.00801 0
0.097 1.00818 0
0.098 1.00836 0
0.099 1.00853 0
0.1 1.00871 0
0.101 1.00888 0
0.102 1.00906 0
0.103 1.00924 0
0.104 1.00943 0
0.105 1.00961 0
0.106 1.0098 0
0.107 1.00999 0
0.108 1.01018 0
0.109 1.01037 0
0.11 1.01056 0
0.111 1.01076 0
0.112 1.01096 0
0.113 1.01116 0
0.114 1.01136 0
0.115 1.01157 0
0.116 1.01177 0
0.117 1.01198 0
0.118 1.01219 0
0.119 1.0124 0
0.12 1.01261 0
0.121 1.01283 0
0.122 1.01305 0
0.123 1.01327 0
0.124 1.01349 0
0.125 1.01371 0
0.126 1.01394 0
0.127 1.01416 0
0.128 1.01439 0
0.129 1.01463 0
0.13 1.01486 0
0.131 1.01509 0
0.132 1.01533 0
0.133 1.01557 0
0.134 1.01581 0
0.135 1.01605 0
0.136 1.0163 0
0.137 1.01655 0
0.138 1.0168 0
0.139 1.01705 0
0.14 1.0173 0
0.141 1.01756 0
0.142 1.01781 0
0.143 1.01807 0
0.144 1.01833 0
0.145 1.0186 0
0.146 1.01886 0
0.147 1.01913 0
0.148 1.0194 0
0.149 1.01967 0
0.15 1.01995 0
0.151 1.02022 0
0.152 1.0205 0
0.153 1.02078 0
0.154 1.02106 0
0.155 1.02135 0
0.156 1.02163 0
0.157 1.02192 0
0.158 1.02221 0
0.159 1.02251 0
0.16 1.0228 0
0.161 1.0231 0
0.162 1.0234 0
0.163 1.0237 0
0.164 1.024 0
0.165 1.02431 0
0.166 1.02462 0
0.167 1.02493 0
0.168 1.02524 0
0.169 1.02556 0
0.17 1.02587 0
0.171 1.02619 0
0.172 1.02651 0
0.173 1.02684 0
0.174 1.02716 0
0.175 1.02749 0
0.176 1.02782 0
0.177 1.02816 0
0.178 1.02849 0
0.179 1.02883 0
0.18 1.02917 0
0.181 1.02951 0
0.182 1.02985 0
0.183 1.0302 0
0.184 1.03055 0
0.185 1.0309 0
0.186 1.03125 0
0.187 1.03161 0
0.188 1.03197 0
0.189 1.03233 0
0.19 1.03269 0
0.191 1.03306 0
0.192 1.03343 0
0.193 1.0338 0
0.194 1.03417 0
0.195 1.03455 0
0.196 1.03492 0
0.197 1.0353 0
0.198 1.03569 0
0.199 1.03607 0
0.2 1.03646 0
0.201 1.03685 0
0.202 1.03724 0
0.203 1.03764 0
0.204 1.03804 0
0.205 1.03844 0
0.206 1.03884 0
0.207 1.03925 0
0.208 1.03965 0
0.209 1.04007 0
0.21 1.04048 0
0.211 1.0409 0
0.212 1.04131 0
0.213 1.04174 0
0.214 1.04216 0
0.215 1.04259 0
0.216 1.04302 0
0.217 1.04345 0
0.218 1.04389 0
0.219 1.04432 0
0.22 1.04477 0
0.221 1.04521 0
0.222 1.04566 0
0.223 1.04611 0
0.224 1.04656 0
0.225 1.04701 0
0.226 1.04747 0
0.227 1.04793 0
0.228 1.0484 0
0.229 1.04886 0
0.23 1.04934 0
0.231 1.04981 0
0.232 1.05029 0
0.233 1.05076 0
0.234 1.05125 0
0.235 1.05173 0
0.236 1.05222 0
0.237 1.05271 0
0.238 1.05321 0
0.239 1.05371 0
0.24 1.05421 0
0.241 1.05472 0
0.242 1.05523 0
0.243 1.05574 0
0.244 1.05625 0
0.245 1.05677 0
0.246 1.0573 0
0.247 1.05782 0
0.248 1.05835 0
0.249 1.05889 0
0.25 1.05943 0
0.251 1.05997 0
0.252 1.06051 0
0.253 1.06106 0
0.254 1.06162 0
0.255 1.06217 0
0.256 1.06274 0
0.257 1.0633 0
0.258 1.06387 0
0.259 1.06445 0
0.26 1.06503 0
0.261 1.06561 0
0.262 1.0662 0
0.263 1.0668 0
0.264 1.0674 0
0.265 1.068 0
0.266 1.06861 0
0.267 1.06923 0
0.268 1.06986 0
0.269 1.07049 0
0.27 1.07113 0
0.271 1.07177 0
0.272 1.07243 0
0.273 1.07309 0
0.274 1.07377 0
0.275 1.07446 0
0.276 1.07517 0
0.277 1.0759 0
0.278 1.07668 0
0.279 1.07757 0
0.279278 1.07797 0.000116614
0.279547 1.07815 0.000246885
0.279815 1.07831 0.000330132
0.279971 1.07841 0.000370662
0.28024 1.07858 0.00043218
0.280509 1.07875 0.000486813
0.280665 1.07885 0.000516329
0.280933 1.07902 0.000564033
0.281202 1.07919 0.000608697
0.281358 1.07929 0.000633556
0.281627 1.07946 0.000674639
0.281895 1.07963 0.000713969
0.282051 1.07973 0.000736167
0.28232 1.0799 0.000773277
0.282589 1.08008 0.000809238
0.282745 1.08018 0.000829702
0.283013 1.08035 0.00086415
0.283282 1.08052 0.00089779
0.283438 1.08062 0.000917034
0.283707 1.08079 0.000949581
0.283975 1.08096 0.000981531
0.284131 1.08107 0.000999877
0.2844 1.08124 0.00103101
0.284669 1.08141 0.00106168
0.284825 1.08151 0.00107935
0.285093 1.08169 0.00110939
0.285362 1.08186 0.00113908
0.285518 1.08196 0.00115621
0.285787 1.08213 0.00118541
0.286055 1.08231 0.00121433
0.286211 1.08241 0.00123105
0.28648 1.08259 0.00125957
0.286749 1.08276 0.00128788
0.286905 1.08286 0.00130426
0.287173 1.08304 0.00133226
0.287442 1.08321 0.00136008
0.287598 1.08332 0.00137619
0.287867 1.08349 0.00140376
0.288135 1.08367 0.00143119
0.288291 1.08377 0.00144709
0.28856 1.08395 0.00147432
0.288829 1.08412 0.00150144
0.288985 1.08423 0.00151717
0.289253 1.0844 0.00154414
0.289522 1.08458 0.00157101
0.289678 1.08468 0.00158661
0.289947 1.08486 0.00161337
0.290215 1.08504 0.00164005
0.290371 1.08514 0.00165555
0.29064 1.08532 0.00168214
0.290909 1.0855 0.00170869
0.291065 1.0856 0.00172411
0.291333 1.08578 0.00175059
0.291602 1.08596 0.00177702
0.291758 1.08607 0.0017924
0.292027 1.08625 0.00181879
0.292295 1.08642 0.00184516
0.292451 1.08653 0.0018605
0.29272 1.08671 0.00188684
0.292989 1.08689 0.00191317
0.293145 1.08699 0.00192849
0.293413 1.08718 0.00195481
0.293682 1.08736 0.00198113
0.293838 1.08746 0.00199645
0.294107 1.08764 0.00202277
0.294375 1.08782 0.0020491
0.294531 1.08793 0.00206443
0.2948 1.08811 0.00209077
0.295069 1.08829 0.00211714
0.295225 1.0884 0.00213249
0.295493 1.08858 0.00215888
0.295762 1.08876 0.00218529
0.295918 1.08887 0.00220067
0.296187 1.08905 0.00222712
0.296455 1.08924 0.0022536
0.296611 1.08934 0.00226902
0.29688 1.08953 0.00229555
0.297149 1.08971 0.00232211
0.297305 1.08982 0.00233759
0.297573 1.09 0.00236421
0.297842 1.09019 0.00239087
0.297998 1.09029 0.0024064
0.298267 1.09048 0.00243312
0.298535 1.09066 0.00245989
0.298691 1.09077 0.00247549
0.29896 1.09096 0.00250233
0.299229 1.09114 0.00252922
0.299385 1.09125 0.00254489
0.299653 1.09144 0.00257186
0.299922 1.09162 0.00259889
0.301047 1.0924 0.00271262
0.304643 1.09493 0.00308391
0.308239 1.0975 0.0034685
0.310332 1.09901 0.00369937
0.313929 1.10165 0.00410931
0.317525 1.10432 0.00453724
0.319618 1.1059 0.00479515
0.323214 1.10864 0.00525435
0.326811 1.11142 0.00573471
0.328904 1.11306 0.00602448
0.3325 1.11591 0.00654056
0.336096 1.1188 0.00708037
0.338189 1.1205 0.00740586
0.341786 1.12345 0.00798517
0.345382 1.12644 0.00859042
0.347475 1.1282 0.00895499
0.351071 1.13126 0.00960308
0.354668 1.13436 0.0102791
0.356761 1.13618 0.0106857
0.360357 1.13934 0.0114075
0.363953 1.14253 0.0121591
0.366047 1.14441 0.0126104
0.369643 1.14767 0.0134103
0.373239 1.15097 0.0142414
0.375332 1.1529 0.0147398
0.378929 1.15626 0.0156215
0.382525 1.15965 0.0165357
0.384618 1.16164 0.017083
0.388214 1.16509 0.0180496
0.391811 1.16858 0.0190497
0.393904 1.17062 0.0196473
0.3975 1.17416 0.0207011
0.401096 1.17774 0.021789
0.403189 1.17984 0.022438
0.406786 1.18347 0.0235804
0.410382 1.18713 0.0247573
0.412475 1.18927 0.0254582
0.416071 1.19299 0.0266899
0.419668 1.19673 0.0279561
0.421761 1.19893 0.0287089
0.425357 1.20273 0.0300296
0.428953 1.20655 0.0313845
0.431047 1.20879 0.0321887
0.434643 1.21267 0.0335973
0.438239 1.21658 0.0350396
0.440332 1.21886 0.0358943
0.443929 1.22282 0.037389
0.447525 1.2268 0.0389165
0.449618 1.22914 0.0398203
0.453214 1.23317 0.0413985
0.456811 1.23723 0.0430084
0.458904 1.23961 0.0439595
0.4625 1.24372 0.0456181
0.466096 1.24786 0.047307
0.468189 1.25028 0.0483035
0.471786 1.25447 0.0500389
0.475382 1.25869 0.0518031
0.477475 1.26116 0.0528427
0.481071 1.26543 0.054651
0.484668 1.26974 0.0564865
0.486761 1.27225 0.0575669
0.490357 1.27661 0.0594441
0.493953 1.281 0.0613469
0.496047 1.28357 0.0624658
0.499643 1.28802 0.0644079
0.503239 1.2925 0.0663743
0.505332 1.29513 0.0675295
0.508929 1.29967 0.0695328
0.512525 1.30426 0.0715591
0.514618 1.30694 0.0727486
0.518214 1.31159 0.0748099
0.521811 1.31629 0.076893
0.523904 1.31904 0.0781151
0.5275 1.3238 0.0802317
0.531096 1.32861 0.0823692
0.533189 1.33144 0.0836226
0.536786 1.33633 0.0857925
0.540382 1.34127 0.0879826
0.542475 1.34417 0.0892665
0.546071 1.3492 0.0914885
0.549668 1.35428 0.0937305
0.551761 1.35727 0.0950446
0.555357 1.36245 0.0973184
0.558953 1.36769 0.0996125
0.561047 1.37077 0.100957
0.564643 1.37611 0.103283
0.568239 1.38152 0.105631
0.570332 1.3847 0.107007
0.573929 1.39023 0.109388
0.577525 1.39583 0.111791
0.579618 1.39912 0.1132
0.583214 1.40485 0.115638
0.586811 1.41065 0.118101
0.588904 1.41407 0.119545
0.5925 1.42001 0.122046
0.596096 1.42604 0.124572
0.598189 1.42959 0.126054
0.601786 1.43577 0.128623
0.605382 1.44204 0.131219
0.607475 1.44574 0.132744
0.611071 1.45217 0.135387
0.614668 1.45871 0.138061
0.616761 1.46256 0.139633
0.620357 1.46928 0.142359
0.623953 1.4761 0.14512
0.626047 1.48013 0.146744
0.629643 1.48714 0.149564
0.633239 1.49428 0.152422
0.635332 1.4985 0.154105
0.638929 1.50584 0.15703
0.642525 1.51331 0.159998
0.644618 1.51773 0.161747
0.648214 1.52543 0.16479
0.651811 1.53327 0.167883
0.653904 1.5379 0.169707
0.6575 1.54599 0.172884
0.661096 1.55422 0.176117
0.663189 1.55909 0.178027
0.666786 1.56759 0.181355
0.670382 1.57626 0.184747
0.672475 1.58139 0.186753
0.676071 1.59034 0.190253
0.679668 1.59947 0.193825
0.681761 1.60487 0.19594
0.685357 1.61431 0.199635
0.688953 1.62394 0.203412
0.691047 1.62964 0.20565
0.694643 1.63961 0.209566
0.698239 1.64979 0.213575
0.700332 1.65582 0.215954
0.703929 1.66636 0.22012
0.707525 1.67713 0.224393
0.709618 1.68351 0.226931
0.713214 1.69467 0.231383
0.716811 1.70608 0.235955
0.718904 1.71285 0.238675
0.7225 1.72469 0.243452
0.726096 1.7368 0.248365
0.728189 1.74398 0.251293
0.731786 1.75656 0.256439
0.735382 1.76944 0.261742
0.737475 1.77708 0.264906
0.741071 1.79046 0.270476
0.744668 1.80417 0.276225
0.746761 1.81231 0.279659
0.750357 1.82657 0.285714
0.753953 1.84119 0.291974
0.756047 1.84988 0.295719
0.759643 1.8651 0.302331
0.763239 1.88073 0.309179
0.765332 1.89001 0.313282
0.768929 1.90631 0.320536
0.772525 1.92303 0.328064
0.774618 1.93298 0.332581
0.778214 1.95044 0.340578
0.781811 1.96839 0.348894
0.783904 1.97907 0.353893
0.7875 1.99783 0.362755
0.791096 2.01712 0.371989
0.793189 2.02861 0.377549
0.796786 2.04881 0.387422
0.800382 2.06961 0.397732
0.802475 2.082 0.403951
0.806071 2.1038 0.415014
0.809668 2.12627 0.426592
0.811761 2.13967 0.433588
0.815357 2.16326 0.446059
0.818953 2.1876 0.459142
0.821047 2.20213 0.467065
0.824643 2.22774 0.481213
0.828239 2.25418 0.496096
0.830332 2.26998 0.505128
0.833929 2.29785 0.521293
0.837525 2.32666 0.538346
0.839618 2.34389 0.548721
0.843214 2.37433 0.56733
0.846811 2.40583 0.587026
0.848904 2.42468 0.599038
0.8525 2.45803 0.620644
0.856096 2.49258 0.643589
0.858189 2.51328 0.657626
0.861786 2.54993 0.682941
0.865382 2.58795 0.709932
0.867475 2.61076 0.726495
0.871071 2.65119 0.756467
0.874668 2.69317 0.788559
0.876761 2.71838 0.808327
0.880357 2.7631 0.844222
0.883953 2.80959 0.882849
0.886047 2.83753 0.906732
0.889643 2.88714 0.95029
0.893239 2.93873 0.997417
0.895332 2.96974 1.0267
0.898929 3.02486 1.08034
0.902525 3.08213 1.13875
0.904618 3.11655 1.17522
0.908214 3.1777 1.24242
0.911811 3.24108 1.31612
0.913904 3.27909 1.36241
0.9175 3.34651 1.44822
0.921096 3.41593 1.54316
0.923189 3.45736 1.60311
0.926786 3.5304 1.71521
0.930382 3.6045 1.8403
0.932475 3.64812 1.91996
0.936071 3.72392 2.06995
0.939668 3.7979 2.23934
0.941761 3.84022 2.34729
0.945357 3.91004 2.55392
0.948953 3.97105 2.78856
0.950084 3.98919 2.86911
0.950372 3.99308 2.89015
0.95066 3.99709 2.91144
0.950828 3.99941 2.92393
0.951116 4.00332 2.94558
0.951404 4.00713 2.96746
0.951572 4.00931 2.98031
0.95186 4.01296 3.00257
0.952148 4.01651 3.02508
0.952316 4.01852 3.03829
0.952604 4.02188 3.06119
0.952892 4.02512 3.08433
0.95306 4.02695 3.09792
0.953348 4.02999 3.12146
0.953636 4.0329 3.14527
0.953804 4.03453 3.15924
0.954092 4.03722 3.18345
0.95438 4.03976 3.20794
0.954548 4.04117 3.22231
0.954836 4.04347 3.24721
0.955124 4.04561 3.2724
0.955292 4.04678 3.28718
0.95558 4.04866 3.3128
0.955868 4.05037 3.33869
0.956036 4.05128 3.3539
0.956324 4.0527 3.38025
0.956612 4.05393 3.40689
0.95678 4.05456 3.42252
0.957068 4.05547 3.44963
0.957356 4.05618 3.47702
0.957524 4.0565 3.49311
0.957812 4.05687 3.52098
0.9581 4.05702 3.54916
0.958268 4.057 3.5657
0.958556 4.05677 3.59437
0.958844 4.0563 3.62334
0.959012 4.05592 3.64035
0.9593 4.05504 3.66983
0.959588 4.05391 3.69962
0.959756 4.05312 3.71711
0.960044 4.05155 3.74742
0.960332 4.04968 3.77805
0.9605 4.04846 3.79603
0.960788 4.04612 3.82719
0.961076 4.04347 3.85867
0.961244 4.04178 3.87715
0.961532 4.03861 3.90917
0.96182 4.03509 3.94153
0.961988 4.03289 3.96051
0.962276 4.02882 3.99341
0.962564 4.02438 4.02665
0.962732 4.02162 4.04616
0.96302 4.01657 4.07995
0.963308 4.01112 4.11409
0.963476 4.00776 4.13411
0.963764 4.00165 4.16881
0.964052 3.9951 4.20385
0.96422 3.99109 4.22441
0.964508 3.98383 4.26001
0.964796 3.97609 4.29597
0.964964 3.97137 4.31706
0.965252 3.96287 4.35358
0.96554 3.95385 4.39045
0.965708 3.94836 4.41207
0.965996 3.93851 4.44951
0.966284 3.9281 4.48729
0.966452 3.92178 4.50944
0.96674 3.91046 4.54779
0.967028 3.89855 4.58649
0.967196 3.89133 4.60916
0.967484 3.87844 4.64841
0.967772 3.86489 4.688
0.96794 3.85671 4.71119
0.968228 3.8421 4.75132
0.968516 3.82679 4.79178
0.968684 3.81756 4.81548
0.968972 3.80111 4.85647
0.96926 3.7839 4.89778
0.969428 3.77353 4.92196
0.969716 3.75508 4.96377
0.970004 3.73582 5.00589
0.970172 3.72423 5.03053
0.97046 3.70363 5.07312
0.970748 3.68215 5.11599
0.970916 3.66924 5.14106
0.971204 3.64632 5.18437
0.971492 3.62245 5.22793
0.97166 3.60811 5.2534
0.971948 3.58269 5.29735
0.972236 3.55624 5.34153
0.972404 3.54038 5.36733
0.972692 3.51226 5.41184
0.97298 3.48305 5.45654
0.973148 3.46553 5.48262
0.973436 3.43452 5.52758
0.973724 3.40232 5.57267
0.973892 3.38304 5.59897
0.97418 3.34891 5.64425
0.974468 3.31351 5.6896
0.974636 3.29232 5.71602
0.974924 3.25485 5.76146
0.975212 3.21602 5.80691
0.97538 3.19279 5.83335
0.975668 3.15174 5.87877
0.975956 3.10923 5.92411
0.976124 3.08381 5.95045
0.976412 3.03891 5.99562
0.9767 2.99246 6.04063
0.976868 2.9647 6.06673
0.977156 2.9157 6.11141
0.977444 2.86503 6.1558
0.977612 2.83477 6.18149
0.9779 2.78137 6.22538
0.978188 2.7262 6.26885
0.978356 2.69326 6.29394
0.978644 2.63517 6.33668
0.978932 2.57518 6.37885
0.9791 2.53939 6.40311
0.979388 2.47628 6.44429
0.979676 2.41116 6.48473
0.979844 2.37232 6.5079
0.980132 2.30385 6.54706
0.98042 2.23324 6.58526
0.980588 2.19113 6.60703
0.980876 2.11693 6.64361
0.981164 2.04042 6.67898
0.981332 1.99481 6.69899
0.98162 1.91445 6.73232
0.981908 1.8316 6.76417
0.982076 1.78221 6.78198
0.982364 1.69517 6.8113
0.982652 1.60541 6.83878
0.98282 1.55189 6.85387
0.983108 1.45751 6.87822
0.983396 1.3601 6.90029
0.983564 1.30197 6.91202
0.983852 1.19929 6.93021
0.98414 1.09308 6.94554
0.984308 1.02957 6.95306
0.984596 0.917072 6.96355
0.984884 0.799708 6.97058
0.985052 0.729824 6.97142
0.98534 0.604438 6.97264
0.985628 0.471472 6.96763
0.985796 0.392697 6.95995
0.986084 0.246626 6.9481
0.986372 0.0798067 6.92663
0.98654 0.0128347 6.88676
0.986828 -0.237994 6.88519
0.987116 -0.548698 6.70732
0.987218 -0.731875 6.51093
0.98728 -0.652279 6.3168
0.987342 -0.520002 6.25892
0.987378 -0.490761 6.29148
0.98744 -0.481931 6.2856
0.987502 -0.479391 6.27051
0.987538 -0.478047 6.25971
0.9876 -0.476464 6.23995
0.987662 -0.475938 6.22064
0.987698 -0.476406 6.20922
0.98776 -0.476943 6.18967
0.987822 -0.478012 6.17096
0.987858 -0.479155 6.16012
0.98792 -0.480903 6.14172
0.987982 -0.482986 6.12406
0.988018 -0.484568 6.11388
0.98808 -0.487119 6.09661
0.988142 -0.489905 6.07996
0.988178 -0.491804 6.07036
0.98824 -0.494931 6.05407
0.988302 -0.498234 6.0383
0.988338 -0.500374 6.0292
0.9884 -0.503937 6.01374
0.988462 -0.507638 5.99872
0.988498 -0.509968 5.99005
0.98856 -0.513873 5.9753
0.988622 -0.517889 5.96092
0.988658 -0.520373 5.95262
0.98872 -0.524554 5.93848
0.988782 -0.528828 5.92465
0.988818 -0.531438 5.91666
0.98888 -0.535848 5.90305
0.988942 -0.540335 5.8897
0.988978 -0.543052 5.88198
0.98904 -0.547654 5.86882
0.989102 -0.552323 5.85589
0.989138 -0.555131 5.84841
0.9892 -0.559898 5.83564
0.989262 -0.564723 5.82308
0.989298 -0.567611 5.8158
0.98936 -0.57252 5.80338
0.989422 -0.577482 5.79114
0.989458 -0.58044 5.78405
0.98952 -0.585476 5.77193
0.989582 -0.590558 5.75998
0.989618 -0.59358 5.75304
0.98968 -0.598728 5.74119
0.989742 -0.603919 5.72949
0.989778 -0.606997 5.7227
0.98984 -0.612248 5.71108
0.989902 -0.617538 5.6996
0.989938 -0.620668 5.69293
0.99 -0.626012 5.68153
0.990062 -0.631394 5.67024
0.990098 -0.634572 5.66368
0.99016 -0.640003 5.65246
0.990222 -0.64547 5.64134
0.990258 -0.648694 5.63488
0.99032 -0.654207 5.62382
0.990382 -0.659753 5.61285
0.990418 -0.663021 5.60647
0.99048 -0.668611 5.59555
0.990542 -0.674235 5.58471
0.990578 -0.677544 5.57841
0.99064 -0.683209 5.56761
0.990702 -0.688907 5.55689
0.990738 -0.692257 5.55065
0.9908 -0.697996 5.53995
0.990862 -0.703766 5.52932
0.990898 -0.707156 5.52313
0.99096 -0.712967 5.51253
0.991022 -0.71881 5.50198
0.991058 -0.72224 5.49583
0.99112 -0.728122 5.4853
0.991182 -0.734037 5.47481
0.991218 -0.737508 5.4687
0.99128 -0.743462 5.45823
0.991342 -0.749451 5.44779
0.991378 -0.752962 5.4417
0.99144 -0.75899 5.43127
0.991502 -0.765054 5.42087
0.991538 -0.768608 5.4148
0.9916 -0.774712 5.40439
0.991662 -0.780853 5.39401
0.991698 -0.78445 5.38795
0.99176 -0.790633 5.37756
0.991822 -0.796855 5.36718
0.991858 -0.800499 5.36112
0.99192 -0.806764 5.35073
0.991982 -0.813072 5.34034
0.992018 -0.816763 5.33427
0.99208 -0.823117 5.32386
0.992142 -0.829514 5.31344
0.992178 -0.833257 5.30736
0.99224 -0.839704 5.29691
0.992302 -0.846198 5.28645
0.992338 -0.849997 5.28034
0.9924 -0.856544 5.26984
0.992462 -0.863142 5.25933
0.992498 -0.867001 5.25317
0.99256 -0.873656 5.24261
0.992622 -0.880368 5.23201
0.992658 -0.884292 5.22581
0.99272 -0.891066 5.21515
0.992782 -0.897902 5.20446
0.992818 -0.901899 5.19819
0.99288 -0.908803 5.18742
0.992942 -0.915776 5.1766
0.992978 -0.919853 5.17025
0.99304 -0.926902 5.15935
0.993102 -0.934028 5.14837
0.993138 -0.938194 5.14193
0.9932 -0.945406 5.13086
0.993262 -0.952704 5.1197
0.993298 -0.95697 5.11314
0.99336 -0.964365 5.10186
0.993422 -0.971859 5.09048
0.993458 -0.976239 5.08378
0.99352 -0.983844 5.07226
0.993582 -0.991563 5.06061
0.993618 -0.996074 5.05374
0.99368 -1.00392 5.04192
0.993742 -1.0119 5.02994
0.993778 -1.01657 5.02286
0.99384 -1.0247 5.01067
0.993902 -1.03299 4.99829
0.993938 -1.03783 4.99095
0.994 -1.0463 4.97832
0.994062 -1.05496 4.96543
0.994098 -1.06003 4.95777
0.99416 -1.06891 4.94456
0.994222 -1.07803 4.93104
0.994258 -1.08336 4.92295
0.99432 -1.09276 4.90901
0.994382 -1.10245 4.89464
0.994418 -1.10812 4.88599
0.99448 -1.11818 4.87105
0.994542 -1.12864 4.85551
0.994578 -1.13474 4.84606
0.99464 -1.1457 4.8297
0.994702 -1.15722 4.81243
0.994738 -1.16391 4.80172
0.9948 -1.17619 4.78315
0.994862 -1.18932 4.76295
0.994898 -1.19686 4.74996
0.99496 -1.21124 4.72722
0.995022 -1.22863 4.70124
0.995058 -1.22775 4.67735
0.99512 -1.26045 4.64953
0.995182 -1.25627 4.55482
0.995324 -1.22215 4.53061
0.995748 -1.14545 4.36985
0.996172 -1.05861 4.28909
0.99642 -1.0346 4.24922
0.996844 -0.986975 4.18802
0.997268 -0.94644 4.13582
0.997516 -0.927293 4.10757
0.99794 -0.895498 4.06088
0.998364 -0.866633 4.01877
0.998612 -0.85218 3.99557
0.999036 -0.827964 3.95659
0.99946 -0.805472 3.92054
0.999708 -0.793808 3.90048
1.00013 -0.774439 3.86668
1.00056 -0.75621 3.83463
1.0008 -0.746241 3.81665
1.00123 -0.72998 3.78676
1.00165 -0.71471 3.75805
1.0019 -0.706257 3.74182
1.00232 -0.692393 3.71476
1.00275 -0.679285 3.68862
1.003 -0.671989 3.67381
1.00342 -0.659971 3.64902
1.00384 -0.648549 3.625
1.00409 -0.642165 3.61135
1.00452 -0.631614 3.58845
1.00494 -0.621545 3.56621
1.00519 -0.6159 3.55354
1.00561 -0.606543 3.53225
1.00604 -0.597586 3.51152
1.00628 -0.59255 3.4997
1.00671 -0.584184 3.4798
1.00713 -0.576153 3.46038
1.00738 -0.571629 3.44929
1.0078 -0.564097 3.4306
1.00823 -0.556851 3.41233
1.00848 -0.552761 3.40189
1.0089 -0.545941 3.38426
1.00932 -0.539365 3.36701
1.00957 -0.535648 3.35714
1.01 -0.529441 3.34047
1.01042 -0.523446 3.32413
1.01067 -0.520052 3.31477
1.01109 -0.514378 3.29895
1.01152 -0.508889 3.28343
1.01176 -0.505778 3.27453
1.01219 -0.500569 3.25948
1.01261 -0.495524 3.2447
1.01286 -0.492662 3.23622
1.01328 -0.487865 3.22187
1.01371 -0.483213 3.20776
1.01396 -0.48057 3.19967
1.01438 -0.476138 3.18595
1.0148 -0.471835 3.17246
1.01505 -0.469389 3.16471
1.01548 -0.465282 3.15157
1.0159 -0.46129 3.13865
1.01615 -0.459019 3.13122
1.01657 -0.455204 3.11862
1.017 -0.451493 3.10622
1.01724 -0.449379 3.09909
1.01767 -0.445826 3.08698
1.01809 -0.442367 3.07506
1.01834 -0.440396 3.0682
1.01876 -0.43708 3.05656
1.01919 -0.433849 3.04508
1.01944 -0.432007 3.03848
1.01986 -0.428906 3.02726
1.02028 -0.425883 3.0162
1.02053 -0.424158 3.00983
1.02096 -0.421252 2.99901
1.02138 -0.418417 2.98834
1.02163 -0.416799 2.98219
1.02205 -0.414073 2.97174
1.02248 -0.41141 2.96143
1.02272 -0.40989 2.95549
1.02315 -0.407326 2.94539
1.02357 -0.404822 2.93541
1.02382 -0.403391 2.92967
1.02424 -0.400977 2.91989
1.02467 -0.398618 2.91024
1.02492 -0.397269 2.90467
1.02534 -0.394994 2.8952
1.02576 -0.392768 2.88585
1.02601 -0.391495 2.88045
1.02644 -0.389347 2.87127
1.02686 -0.387244 2.8622
1.02711 -0.386042 2.85697
1.02753 -0.38401 2.84806
1.02796 -0.382022 2.83926
1.0282 -0.380884 2.83418
1.02863 -0.378962 2.82553
1.02905 -0.377079 2.81697
1.0293 -0.376001 2.81204
1.02972 -0.374179 2.80363
1.03015 -0.372395 2.79532
1.0304 -0.371373 2.79052
1.03082 -0.369645 2.78235
1.03124 -0.367951 2.77426
1.03149 -0.366981 2.76959
1.03192 -0.365341 2.76164
1.03234 -0.363732 2.75377
1.03259 -0.36281 2.74923
1.03301 -0.361251 2.74148
1.03344 -0.359721 2.73381
1.03368 -0.358845 2.72939
1.03411 -0.357361 2.72184
1.03453 -0.355906 2.71437
1.03478 -0.355072 2.71006
1.0352 -0.353659 2.7027
1.03563 -0.352273 2.69542
1.03588 -0.351478 2.69121
1.0363 -0.350132 2.68404
1.03672 -0.348811 2.67693
1.03697 -0.348053 2.67282
1.0374 -0.346769 2.66582
1.03782 -0.345509 2.65888
1.03807 -0.344786 2.65488
1.03849 -0.343561 2.64804
1.03892 -0.342357 2.64127
1.03916 -0.341667 2.63735
1.03959 -0.340497 2.63068
1.04001 -0.339347 2.62406
1.04026 -0.338687 2.62023
1.04068 -0.337569 2.61371
1.04111 -0.33647 2.60724
1.04136 -0.335839 2.6035
1.04178 -0.33477 2.59712
1.0422 -0.333718 2.59079
1.04245 -0.333115 2.58714
1.04288 -0.332091 2.5809
1.0433 -0.331085 2.57471
1.04355 -0.330507 2.57113
1.04397 -0.329527 2.56502
1.0444 -0.328563 2.55897
1.04464 -0.328009 2.55547
1.04507 -0.32707 2.54949
1.04549 -0.326147 2.54356
1.04574 -0.325616 2.54013
1.04616 -0.324716 2.53428
1.04659 -0.32383 2.52847
1.04684 -0.323321 2.52511
1.04726 -0.322458 2.51938
1.04768 -0.321609 2.51369
1.04793 -0.32112 2.5104
1.04836 -0.320293 2.50479
1.04878 -0.319476 2.49921
1.04903 -0.319016 2.496
1.04945 -0.318215 2.49048
1.04988 -0.317465 2.48506
1.05107 -0.315265 2.46983
1.05475 -0.309251 2.4251
1.05843 -0.303921 2.38302
1.06057 -0.301114 2.35962
1.06425 -0.296758 2.32126
1.06793 -0.292871 2.28492
1.07007 -0.290806 2.26462
1.07375 -0.287588 2.23118
1.07743 -0.2847 2.19935
1.07957 -0.28316 2.1815
1.08325 -0.280753 2.15198
1.08693 -0.278589 2.12377
1.08907 -0.277433 2.1079
1.09275 -0.275627 2.08158
1.09643 -0.274005 2.05634
1.09857 -0.273141 2.04211
1.10225 -0.271795 2.01844
1.10593 -0.270595 1.99568
1.10807 -0.269958 1.98282
1.11175 -0.268977 1.96139
1.11543 -0.268112 1.94074
1.11757 -0.267659 1.92905
1.12125 -0.266974 1.90953
1.12493 -0.266385 1.89067
1.12707 -0.266085 1.87998
1.13075 -0.265646 1.86211
1.13443 -0.265289 1.84481
1.13657 -0.265118 1.835
1.14025 -0.264889 1.81856
1.14393 -0.264732 1.80262
1.14607 -0.264672 1.79357
1.14975 -0.264627 1.77839
1.15343 -0.264644 1.76365
1.15557 -0.264683 1.75527
1.15925 -0.264799 1.7412
1.16293 -0.264972 1.72752
1.16507 -0.265097 1.71973
1.16875 -0.265358 1.70665
1.17243 -0.26567 1.69392
1.17457 -0.265875 1.68667
1.17825 -0.266267 1.67447
1.18193 -0.266705 1.66258
1.18407 -0.266981 1.65581
1.18775 -0.267491 1.64441
1.19143 -0.268044 1.63329
1.19357 -0.268385 1.62695
1.19725 -0.269003 1.61628
1.20093 -0.26966 1.60588
1.20307 -0.270065 1.59995
1.20675 -0.270813 1.58997
1.21043 -0.27162 1.58023
1.21257 -0.272118 1.57465
1.21625 -0.273014 1.56526
1.21993 -0.273963 1.55607
1.22207 -0.274539 1.55081
1.22575 -0.275565 1.54193
1.22943 -0.276635 1.53323
1.23157 -0.277279 1.52825
1.23525 -0.278415 1.51984
1.23893 -0.279589 1.5116
1.24107 -0.280289 1.50687
1.24475 -0.281519 1.49888
1.24843 -0.282781 1.49106
1.25057 -0.283531 1.48657
1.25425 -0.284841 1.47898
1.25793 -0.28618 1.47155
1.26007 -0.286973 1.46729
1.26375 -0.288353 1.46008
1.26743 -0.289761 1.45303
1.26957 -0.290592 1.44899
1.27325 -0.29204 1.44216
1.27693 -0.293508 1.43548
1.27907 -0.294398 1.43168
1.28275 -0.295896 1.42521
1.28643 -0.297486 1.41898
1.28857 -0.298252 1.41519
1.29225 -0.29999 1.40935
1.29593 -0.301206 1.40292
1.29807 -0.303476 1.40142
1.30175 -0.303609 1.39377
1.30543 -0.305248 1.39283
1.30757 -0.309403 1.38646
1.31125 -0.310952 1.38103
1.31493 -0.313267 1.37564
1.31707 -0.314718 1.37257
1.32075 -0.317321 1.36724
1.32443 -0.320026 1.36194
1.32657 -0.321638 1.35883
1.33025 -0.324471 1.35353
1.33393 -0.327367 1.34821
1.33607 -0.329079 1.34513
1.33975 -0.33206 1.3398
1.34343 -0.335084 1.33447
1.34557 -0.336861 1.33135
1.34925 -0.339944 1.32601
1.35293 -0.343054 1.32064
1.35507 -0.344877 1.31753
1.35875 -0.348025 1.31214
1.36243 -0.351191 1.30676
1.36457 -0.35304 1.30361
1.36825 -0.356227 1.29821
1.37193 -0.359422 1.29278
1.37407 -0.361285 1.28963
1.37775 -0.364488 1.28419
1.38143 -0.367693 1.27873
1.38357 -0.369557 1.27556
1.38725 -0.372759 1.27009
1.39093 -0.375955 1.26461
1.39307 -0.377812 1.26141
1.39675 -0.380995 1.25591
1.40043 -0.384168 1.2504
1.40257 -0.386009 1.24719
1.40625 -0.389162 1.24167
1.40993 -0.3923 1.23613
1.41207 -0.394119 1.23291
1.41575 -0.397229 1.22736
1.41943 -0.400321 1.2218
1.42157 -0.402111 1.21856
1.42525 -0.40517 1.21299
1.42893 -0.408207 1.20741
1.43107 -0.409963 1.20416
1.43475 -0.412962 1.19857
1.43843 -0.415936 1.19298
1.44057 -0.417655 1.18972
1.44425 -0.420587 1.18411
1.44793 -0.423491 1.1785
1.45007 -0.425169 1.17524
1.45375 -0.428028 1.16962
1.45743 -0.430857 1.164
1.45957 -0.43249 1.16073
1.46325 -0.435271 1.15511
1.46693 -0.438021 1.14948
1.46907 -0.439606 1.14621
1.47275 -0.442305 1.14058
1.47643 -0.444971 1.13495
1.47857 -0.446507 1.13167
1.48225 -0.44912 1.12604
1.48593 -0.451699 1.12041
1.48807 -0.453185 1.11714
1.49175 -0.455709 1.11151
1.49543 -0.458198 1.10588
1.49757 -0.459631 1.10261
1.50125 -0.462064 1.09699
1.50493 -0.464462 1.09137
1.50707 -0.465841 1.0881
1.51075 -0.468182 1.08249
1.51443 -0.470486 1.07688
1.51657 -0.471811 1.07362
1.52025 -0.474057 1.06802
1.52393 -0.476267 1.06243
1.52607 -0.477536 1.05917
1.52975 -0.479688 1.05359
1.53343 -0.481802 1.04801
1.53557 -0.483016 1.04477
1.53925 -0.485072 1.0392
1.54293 -0.487091 1.03365
1.54507 -0.488249 1.03042
1.54875 -0.490209 1.02487
1.55243 -0.492132 1.01934
1.55457 -0.493235 1.01612
1.55825 -0.495099 1.0106
1.56193 -0.496927 1.0051
1.56407 -0.497973 1.00189
1.56775 -0.499743 0.996404
1.57143 -0.501475 0.990924
1.57357 -0.502467 0.98774
1.57725 -0.504141 0.982279
1.58093 -0.505779 0.97683
1.58307 -0.506716 0.973665
1.58675 -0.508296 0.968237
1.59043 -0.509841 0.962822
1.59257 -0.510723 0.959677
1.59625 -0.512211 0.954284
1.59993 -0.513663 0.948906
1.60207 -0.514492 0.945782
1.60575 -0.515887 0.940426
1.60943 -0.517248 0.935086
1.61157 -0.518024 0.931985
1.61525 -0.51933 0.926669
1.61893 -0.5206 0.921369
1.62107 -0.521324 0.918292
1.62475 -0.522541 0.913018
1.62843 -0.523723 0.907761
1.63057 -0.524396 0.904709
1.63425 -0.525525 0.899478
1.63793 -0.526621 0.894265
1.64007 -0.527243 0.891239
1.64375 -0.528287 0.886054
1.64743 -0.529297 0.880887
1.64957 -0.529871 0.877888
1.65325 -0.53083 0.87275
1.65693 -0.531757 0.867631
1.65907 -0.532283 0.86466
1.66275 -0.53316 0.85957
1.66643 -0.534006 0.8545
1.66857 -0.534484 0.851558
1.67225 -0.535281 0.846518
1.67593 -0.536047 0.841499
1.67807 -0.536479 0.838586
1.68175 -0.537198 0.833598
1.68543 -0.537887 0.82863
1.68757 -0.538274 0.825748
1.69125 -0.538917 0.820812
1.69493 -0.53953 0.815897
1.69707 -0.539874 0.813046
1.70075 -0.540442 0.808164
1.70443 -0.540981 0.803303
1.70657 -0.541283 0.800483
1.71025 -0.541778 0.795655
1.71393 -0.542247 0.790849
1.71607 -0.542507 0.788062
1.71975 -0.542932 0.783289
1.72343 -0.543331 0.778539
1.72557 -0.543551 0.775784
1.72925 -0.543908 0.771068
1.73293 -0.544239 0.766373
1.73507 -0.54442 0.763652
1.73875 -0.544711 0.758992
1.74243 -0.544977 0.754355
1.74457 -0.545121 0.751667
1.74825 -0.545347 0.747065
1.75193 -0.54555 0.742485
1.75407 -0.545657 0.73983
1.75775 -0.545822 0.735286
1.76143 -0.545963 0.730765
1.76357 -0.546035 0.728143
1.76725 -0.54614 0.723658
1.77093 -0.546222 0.719195
1.77307 -0.546259 0.716608
1.77675 -0.546306 0.712181
1.78043 -0.546331 0.707776
1.78257 -0.546335 0.705224
1.78625 -0.546326 0.700855
1.78993 -0.546295 0.69651
1.79207 -0.546268 0.693992
1.79575 -0.546205 0.689683
1.79943 -0.546121 0.685397
1.80157 -0.546063 0.682913
1.80525 -0.545948 0.678663
1.80893 -0.545812 0.674436
1.81107 -0.545725 0.671987
1.81475 -0.545559 0.667796
1.81843 -0.545375 0.663628
1.82057 -0.545259 0.661214
1.82425 -0.545045 0.657082
1.82793 -0.544812 0.652974
1.83007 -0.544669 0.650593
1.83375 -0.544408 0.646521
1.83743 -0.54413 0.642472
1.83957 -0.543961 0.640126
1.84325 -0.543655 0.636113
1.84693 -0.543333 0.632123
1.84907 -0.543138 0.629811
1.85275 -0.54279 0.625857
1.85643 -0.542426 0.621926
1.85857 -0.542207 0.619649
1.86225 -0.541817 0.615753
1.86593 -0.541413 0.611881
1.86807 -0.54117 0.609637
1.87175 -0.540741 0.605801
1.87543 -0.540298 0.601986
1.87757 -0.540033 0.599777
1.88125 -0.539566 0.595998
1.88493 -0.539085 0.592242
1.88707 -0.538799 0.590066
1.89075 -0.538296 0.586345
1.89443 -0.53778 0.582647
1.89657 -0.537473 0.580505
1.90025 -0.536936 0.576841
1.90393 -0.536386 0.5732
1.90607 -0.536059 0.571091
1.90975 -0.535489 0.567485
1.91343 -0.534906 0.5639
1.91557 -0.534561 0.561824
1.91925 -0.533959 0.558275
1.92293 -0.533345 0.554747
1.92507 -0.532983 0.552704
1.92875 -0.53235 0.54921
1.93243 -0.531707 0.545738
1.93457 -0.531327 0.543728
1.93825 -0.530666 0.54029
1.94193 -0.529995 0.536874
1.94407 -0.529599 0.534895
1.94775 -0.528911 0.531512
1.95143 -0.528212 0.528151
1.95357 -0.527801 0.526204
1.95725 -0.527087 0.522876
1.96093 -0.526363 0.519569
1.96307 -0.525937 0.517654
1.96675 -0.525198 0.514381
1.97043 -0.52445 0.511127
1.97257 -0.524011 0.509244
1.97625 -0.523248 0.506023
1.97993 -0.522477 0.502823
1.98207 -0.522024 0.500971
1.98575 -0.52124 0.497803
1.98943 -0.520447 0.494656
1.99157 -0.519981 0.492834
1.99525 -0.519176 0.489718
1.99893 -0.518362 0.486623
2.00338 -0.517368 0.482905
2.015 -0.514721 0.473338
2.02662 -0.512005 0.463966
2.03338 -0.510394 0.4586
2.045 -0.507578 0.449532
2.05662 -0.504705 0.44065
2.06338 -0.503008 0.435566
2.075 -0.500054 0.426975
2.08662 -0.497053 0.418563
2.09338 -0.495286 0.413749
2.105 -0.49222 0.405615
2.11662 -0.489117 0.397652
2.12338 -0.487296 0.393095
2.135 -0.484143 0.385396
2.14662 -0.480961 0.37786
2.15338 -0.479098 0.373549
2.165 -0.475879 0.366265
2.17662 -0.472639 0.359136
2.18338 -0.470745 0.355057
2.195 -0.46748 0.348167
2.20662 -0.4642 0.341424
2.21338 -0.462286 0.337567
2.225 -0.45899 0.331051
2.23662 -0.455686 0.324674
2.24338 -0.45376 0.321026
2.255 -0.450449 0.314865
2.26662 -0.447134 0.308835
2.27338 -0.445205 0.305386
2.285 -0.44189 0.29956
2.29662 -0.438577 0.293859
2.30338 -0.436651 0.290597
2.315 -0.433345 0.285088
2.32662 -0.430044 0.279697
2.33338 -0.428126 0.276613
2.345 -0.424837 0.271403
2.35662 -0.421557 0.266305
2.36338 -0.419653 0.263389
2.375 -0.41639 0.258463
2.38662 -0.413138 0.253641
2.39338 -0.411252 0.250883
2.405 -0.408022 0.246224
2.41662 -0.404805 0.241664
2.42338 -0.40294 0.239055
2.435 -0.399748 0.234647
2.44662 -0.396573 0.230333
2.45338 -0.394732 0.227865
2.465 -0.391584 0.223695
2.47662 -0.388453 0.219614
2.48338 -0.38664 0.217278
2.495 -0.383539 0.213332
2.50662 -0.380457 0.20947
2.51338 -0.378673 0.207259
2.525 -0.375623 0.203524
2.53662 -0.372593 0.199868
2.54338 -0.37084 0.197775
2.555 -0.367844 0.19424
2.56662 -0.364868 0.190778
2.57338 -0.363147 0.188796
2.585 -0.360206 0.185448
2.59662 -0.357288 0.182169
2.60338 -0.355599 0.180292
2.615 -0.352716 0.17712
2.62662 -0.349855 0.174014
2.63338 -0.348201 0.172236
2.645 -0.345376 0.169231
2.65662 -0.342574 0.166287
2.66338 -0.340954 0.164602
2.675 -0.338189 0.161753
2.68662 -0.335447 0.158963
2.69338 -0.333862 0.157366
2.705 -0.331157 0.154665
2.71662 -0.328474 0.152019
2.72338 -0.326924 0.150504
2.735 -0.324279 0.147943
2.74662 -0.321657 0.145433
2.75338 -0.320141 0.143996
2.765 -0.317556 0.141565
2.77662 -0.314994 0.139184
2.78338 -0.313514 0.13782
2.795 -0.310988 0.135514
2.80662 -0.308486 0.133254
2.81338 -0.30704 0.131959
2.825 -0.304574 0.129769
2.83662 -0.302131 0.127623
2.84338 -0.300719 0.126394
2.855 -0.298312 0.124314
2.86662 -0.295927 0.122276
2.87338 -0.29455 0.121108
2.885 -0.292201 0.119132
2.89662 -0.289874 0.117195
2.90338 -0.28853 0.116085
2.915 -0.286238 0.114208
2.92662 -0.283968 0.112366
2.93338 -0.282657 0.111311
2.945 -0.280421 0.109526
2.95662 -0.278207 0.107776
2.96338 -0.276928 0.106772
2.975 -0.274748 0.105075
2.98662 -0.272589 0.103409
2.99338 -0.271342 0.102455
3.005 -0.269216 0.10084
3.01662 -0.267111 0.099255
3.02338 -0.265896 0.0983467
3.035 -0.263823 0.0968094
3.04662 -0.261771 0.0953011
3.05338 -0.260585 0.0944364
3.065 -0.258565 0.0929727
3.07662 -0.256564 0.0915364
3.08338 -0.255409 0.0907129
3.095 -0.25344 0.0893189
3.10662 -0.251489 0.0879508
3.11338 -0.250363 0.0871662
3.125 -0.248444 0.085838
3.13662 -0.246543 0.0845343
3.14338 -0.245445 0.0837866
3.155 -0.243574 0.0825207
3.16662 -0.241722 0.0812779
3.17338 -0.240652 0.0805651
3.185 -0.238828 0.0793581
3.19662 -0.237023 0.078173
3.20338 -0.23598 0.0774932
3.215 -0.234203 0.0763419
3.22662 -0.232443 0.0752114
3.23338 -0.231427 0.0745628
3.245 -0.229694 0.0734643
3.25662 -0.227979 0.0723855
3.26338 -0.226989 0.0717665
3.275 -0.2253 0.0707181
3.28662 -0.223629 0.0696882
3.29338 -0.222663 0.0690973
3.305 -0.221018 0.0680962
3.31662 -0.219388 0.0671127
3.32338 -0.218448 0.0665484
3.335 -0.216844 0.0655922
3.34662 -0.215255 0.0646527
3.35338 -0.214338 0.0641135
3.365 -0.212775 0.0631999
3.37662 -0.211227 0.0623021
3.38338 -0.210333 0.0617868
3.395 -0.208809 0.0609136
3.40662 -0.207299 0.0600554
3.41338 -0.206428 0.0595628
3.425 -0.204942 0.0587278
3.43662 -0.203471 0.0579072
3.44338 -0.202621 0.0574361
3.455 -0.201173 0.0566375
3.46662 -0.199738 0.0558525
3.47338 -0.19891 0.0554018
3.485 -0.197497 0.0546377
3.49662 -0.196099 0.0538866
3.50338 -0.195291 0.0534552
3.515 -0.193914 0.052724
3.52662 -0.19255 0.0520049
3.53338 -0.191762 0.051592
3.545 -0.190419 0.0508919
3.55662 -0.189089 0.0502034
3.56338 -0.188321 0.049808
3.575 -0.187011 0.0491375
3.58662 -0.185714 0.0484781
3.59338 -0.184965 0.0480993
3.605 -0.183687 0.0474569
3.61662 -0.182422 0.0468251
3.62338 -0.181691 0.0464621
3.635 -0.180445 0.0458465
3.64662 -0.179211 0.045241
3.65338 -0.178498 0.0448931
3.665 -0.177282 0.0443029
3.67662 -0.176078 0.0437223
3.68338 -0.175382 0.0433887
3.695 -0.174196 0.0428229
3.70662 -0.173021 0.042266
3.71338 -0.172342 0.0419461
3.725 -0.171185 0.0414033
3.73662 -0.170038 0.0408691
3.74338 -0.169376 0.0405621
3.755 -0.168246 0.0400413
3.76662 -0.167127 0.0395287
3.77338 -0.166481 0.039234
3.785 -0.165379 0.0387341
3.79662 -0.164286 0.0382421
3.80338 -0.163656 0.0379592
3.815 -0.162579 0.0374793
3.82662 -0.161513 0.0370068
3.83338 -0.160897 0.0367352
3.845 -0.159847 0.0362743
3.85662 -0.158806 0.0358204
3.86338 -0.158205 0.0355595
3.875 -0.157179 0.0351167
3.88662 -0.156163 0.0346807
3.89338 -0.155576 0.03443
3.905 -0.154574 0.0340045
3.91662 -0.153582 0.0335855
3.92338 -0.153008 0.0333446
3.935 -0.15203 0.0329356
3.94662 -0.151061 0.0325327
3.95338 -0.150501 0.0323011
3.965 -0.149546 0.0319078
3.97662 -0.148599 0.0315205
3.98338 -0.148052 0.0312977
3.995 -0.147119 0.0309195
4.00662 -0.146194 0.0305469
4.01338 -0.145659 0.0303327
4.025 -0.144748 0.0299688
4.03662 -0.143844 0.0296103
4.04338 -0.143322 0.0294041
4.055 -0.142431 0.029054
4.06662 -0.141548 0.028709
4.07338 -0.141038 0.0285106
4.085 -0.140167 0.0281736
4.09662 -0.139305 0.0278415
4.10338 -0.138806 0.0276504
4.115 -0.137955 0.0273259
4.12662 -0.137112 0.0270062
4.13338 -0.136624 0.0268222
4.145 -0.135793 0.0265097
4.15662 -0.134968 0.0262017
4.16338 -0.134492 0.0260245
4.175 -0.133679 0.0257235
4.18662 -0.132873 0.0254267
4.19338 -0.132407 0.025256
4.205 -0.131612 0.0249659
4.21662 -0.130825 0.02468
4.22338 -0.130369 0.0245154
4.235 -0.129592 0.0242359
4.24662 -0.128821 0.0239603
4.25338 -0.128376 0.0238016
4.265 -0.127616 0.0235321
4.27662 -0.126862 0.0232664
4.28338 -0.126427 0.0231135
4.295 -0.125683 0.0228536
4.30662 -0.124946 0.0225973
4.31338 -0.12452 0.0224498
4.325 -0.123793 0.0221991
4.33662 -0.123071 0.0219519
4.34338 -0.122655 0.0218096
4.355 -0.121943 0.0215678
4.36662 -0.121238 0.0213293
4.37338 -0.12083 0.021192
4.385 -0.120134 0.0209586
4.39662 -0.119443 0.0207284
4.40338 -0.119044 0.0205959
4.415 -0.118363 0.0203706
4.42662 -0.117687 0.0201484
4.43338 -0.117297 0.0200205
4.445 -0.11663 0.019803
4.45662 -0.115969 0.0195885
4.46338 -0.115586 0.019465
4.475 -0.114934 0.0192549
4.48662 -0.114287 0.0190478
4.49338 -0.113912 0.0189284
4.505 -0.113273 0.0187256
4.51662 -0.11264 0.0185254
4.52338 -0.112273 0.0184102
4.535 -0.111648 0.0182142
4.54662 -0.111027 0.0180208
4.55338 -0.110669 0.0179094
4.565 -0.110056 0.0177201
4.57662 -0.109449 0.0175332
4.58338 -0.109097 0.0174255
4.595 -0.108498 0.0172425
4.60662 -0.107903 0.0170618
4.61338 -0.107558 0.0169578
4.625 -0.106971 0.0167808
4.63662 -0.106388 0.0166062
4.64338 -0.106051 0.0165056
4.655 -0.105476 0.0163344
4.66662 -0.104905 0.0161655
4.67338 -0.104575 0.0160682
4.685 -0.104011 0.0159027
4.69662 -0.103452 0.0157394
4.70338 -0.103128 0.0156452
4.715 -0.102576 0.0154851
4.72662 -0.102028 0.0153271
4.73338 -0.101711 0.015236
4.745 -0.10117 0.0150811
4.75662 -0.100633 0.0149282
4.76338 -0.100322 0.01484
4.775 -0.0997917 0.0146901
4.78662 -0.0992654 0.0145421
4.79338 -0.098961 0.0144568
4.805 -0.0984411 0.0143116
4.81662 -0.0979253 0.0141683
4.82338 -0.0976269 0.0140858
4.835 -0.0971173 0.0139453
4.84662 -0.0966116 0.0138065
4.85338 -0.0963191 0.0137265
4.865 -0.0958195 0.0135905
4.87662 -0.0953237 0.0134561
4.88338 -0.0950369 0.0133786
4.895 -0.0945471 0.0132469
4.90662 -0.094061 0.0131167
4.91338 -0.0937798 0.0130417
4.925 -0.0932995 0.012914
4.93662 -0.0928228 0.0127879
4.94338 -0.0925471 0.0127152
4.955 -0.0920761 0.0125915
4.96662 -0.0916086 0.0124693
4.97338 -0.0913381 0.0123989
4.985 -0.0908762 0.012279
4.99662 -0.0904176 0.0121606
5.01127 -0.0898442 0.0120132
5.05 -0.0883544 0.0116344
5.08873 -0.0869006 0.0112703
5.11127 -0.0860708 0.0110649
5.15 -0.0846723 0.0107228
5.18873 -0.083307 0.0103938
5.21127 -0.0825274 0.0102081
5.25 -0.081213 0.0098986
5.28873 -0.0799293 0.00960071
5.31127 -0.0791961 0.00943249
5.35 -0.0779594 0.00915195
5.38873 -0.076751 0.00888173
5.41127 -0.0760606 0.00872904
5.45 -0.0748956 0.00847427
5.48873 -0.073757 0.0082287
5.51127 -0.0731061 0.00808987
5.55 -0.0720076 0.00785809
5.58873 -0.0709335 0.00763453
5.61127 -0.0703193 0.00750807
5.65 -0.0692823 0.00729684
5.68873 -0.068268 0.00709297
5.71127 -0.0676878 0.00697759
5.75 -0.066708 0.00678477
5.78873 -0.0657491 0.00659855
5.81127 -0.0652005 0.00649311
5.85 -0.0642738 0.00631681
5.88873 -0.0633665 0.00614644
5.91127 -0.0628472 0.00604993
5.95 -0.0619698 0.00588848
5.98873 -0.0611105 0.00573238
6.01127 -0.0606186 0.0056439
6.05 -0.0597871 0.00549583
6.08873 -0.0589725 0.00535258
6.11127 -0.058506 0.00527136
6.15 -0.0577174 0.00513537
6.18873 -0.0569444 0.00500372
6.21127 -0.0565017 0.00492905
6.25 -0.055753 0.00480397
6.28873 -0.055019 0.00468283
6.31127 -0.0545985 0.00461408
6.35 -0.0538871 0.00449887
6.38873 -0.0531894 0.00438724
6.41127 -0.0527896 0.00432387
6.45 -0.0521131 0.00421762
6.48873 -0.0514495 0.00411462
6.51127 -0.0510691 0.00405612
6.55 -0.0504253 0.00395801
6.58873 -0.0497936 0.00386285
6.61127 -0.0494313 0.00380879
6.65 -0.0488181 0.00371808
6.68873 -0.0482162 0.00363006
6.71127 -0.0478711 0.00358003
6.75 -0.0472866 0.00349606
6.78873 -0.0467127 0.00341454
6.81127 -0.0463835 0.00336819
6.85 -0.045826 0.00329038
6.88873 -0.0452785 0.0032148
6.91127 -0.0449643 0.00317181
6.95 -0.0444321 0.00309961
6.98873 -0.0439093 0.00302945
7.01127 -0.0436093 0.00298954
7.05 -0.0431009 0.00292247
7.08873 -0.0426014 0.00285728
7.11127 -0.0423147 0.00282018
7.15 -0.0418288 0.00275782
7.18873 -0.0413512 0.00269718
7.21127 -0.041077 0.00266265
7.25 -0.0406122 0.00260461
7.28873 -0.0401553 0.00254814
7.31127 -0.0398929 0.00251598
7.35 -0.039448 0.0024619
7.38873 -0.0390106 0.00240927
7.41127 -0.0387594 0.00237928
7.45 -0.0383333 0.00232884
7.48873 -0.0379143 0.00227973
7.51127 -0.0376736 0.00225175
7.55 -0.0372653 0.00220466
7.58873 -0.0368637 0.0021588
7.61127 -0.0366329 0.00213265
7.65 -0.0362414 0.00208865
7.68873 -0.0358562 0.00204578
7.71127 -0.0356348 0.00202134
7.75 -0.0352593 0.00198018
7.78873 -0.0348896 0.00194007
7.81127 -0.0346772 0.0019172
7.85 -0.0343166 0.00187867
7.88873 -0.0339617 0.00184111
7.91127 -0.0337577 0.00181968
7.95 -0.0334114 0.00178359
7.98873 -0.0330704 0.00174839
8.01127 -0.0328744 0.0017283
8.05 -0.0325416 0.00169445
8.08873 -0.0322139 0.00166143
8.11127 -0.0320255 0.00164259
8.15 -0.0317055 0.00161082
8.18873 -0.0313904 0.00157982
8.21127 -0.0312091 0.00156213
8.25 -0.0309013 0.00153229
8.28873 -0.0305981 0.00150317
8.31127 -0.0304237 0.00148654
8.35 -0.0301275 0.0014585
8.38873 -0.0298356 0.00143112
8.41127 -0.0296676 0.00141548
8.45 -0.0293824 0.0013891
8.48873 -0.0291013 0.00136333
8.51127 -0.0289396 0.00134861
8.55 -0.0286648 0.00132378
8.58873 -0.0283939 0.00129952
8.61127 -0.0282381 0.00128566
8.65 -0.0279732 0.00126227
8.68873 -0.0277122 0.0012394
8.71127 -0.0275619 0.00122634
8.75 -0.0273065 0.00120429
8.78873 -0.0270547 0.00118273
8.81127 -0.0269098 0.0011704
8.85 -0.0266635 0.0011496
8.88873 -0.0264206 0.00112926
8.91127 -0.0262807 0.00111763
8.95 -0.026043 0.00109799
8.98873 -0.0258086 0.00107879
9.01127 -0.0256736 0.0010678
9.05 -0.0254441 0.00104925
9.08873 -0.0252177 0.0010311
9.11127 -0.0250873 0.00102072
9.15 -0.0248657 0.00100319
9.18873 -0.024647 0.000986034
9.21127 -0.0245211 0.000976217
9.25 -0.024307 0.000959635
9.28873 -0.0240957 0.000943404
9.31127 -0.023974 0.000934117
9.35 -0.023767 0.000918424
9.38873 -0.0235628 0.000903061
9.41127 -0.0234451 0.000894268
9.45 -0.023245 0.000879409
9.48873 -0.0230476 0.000864859
9.51127 -0.0229338 0.000856531
9.55 -0.0227404 0.000842454
9.58873 -0.0225494 0.000828668
9.61127 -0.0224394 0.000820776
9.65 -0.0222523 0.000807435
9.68873 -0.0220677 0.000794369
9.71127 -0.0219614 0.000786889
9.75 -0.0217807 0.000774246
9.78873 -0.0216025 0.000761869
9.81127 -0.0215001 0.000754788
9.85 -0.0213267 0.000742843
9.88873 -0.0211601 0.000731299
11.1575 -0.0164491 0.000446864
19.8 -0.00508812 4.39767e-05
87.8425 -0.000254268 1.11755e-07
