0 0 0
0.0028014 4.48121e-05 0
0.00560281 0.000179272 0
0.00840421 0.000403453 0
0.0112056 0.000717474 0
0.014007 0.0011215 0
0.0168084 0.00161576 0
0.0196098 0.00220051 0
0.0224112 0.00287607 0
0.0252126 0.0036428 0
0.028014 0.00450113 0
0.0308154 0.00545151 0
0.0336168 0.00649448 0
0.0364182 0.0076306 0
0.0392197 0.0088605 0
0.0420211 0.0101849 0
0.0448225 0.0116044 0
0.0476239 0.01312 0
0.0504253 0.0147325 0
0.0532267 0.0164427 0
0.0560281 0.0182517 0
0.0588295 0.0201605 0
0.0616309 0.0221702 0
0.0644323 0.024282 0
0.0672337 0.0264972 0
0.0700351 0.0288171 0
0.0728365 0.031243 0
0.0756379 0.0337765 0
0.0784393 0.0364192 0
0.0812407 0.0391727 0
0.0840421 0.0420387 0
0.0868435 0.045019 0
0.0896449 0.0481157 0
0.0924463 0.0513307 0
0.0952477 0.0546663 0
0.0980491 0.0581245 0
0.100851 0.0617079 0
0.103652 0.0654189 0
0.106453 0.0692602 0
0.109255 0.0732345 0
0.112056 0.0773447 0
0.114858 0.0815939 0
0.117659 0.0859854 0
0.12046 0.0905225 0
0.123262 0.0952088 0
0.126063 0.100048 0
0.128865 0.105044 0
0.131666 0.110202 0
0.134467 0.115525 0
0.137269 0.121018 0
0.14007 0.126687 0
0.142872 0.132536 0
0.145673 0.138571 0
0.148474 0.144798 0
0.151276 0.151224 0
0.154077 0.157854 0
0.156879 0.164695 0
0.15968 0.171756 0
0.162481 0.179044 0
0.165283 0.186568 0
0.168084 0.194336 0
0.170886 0.202359 0
0.173687 0.210646 0
0.176488 0.219208 0
0.17929 0.228059 0
0.182091 0.237209 0
0.184893 0.246673 0
0.187694 0.256466 0
0.190495 0.266604 0
0.193297 0.277103 0
0.196098 0.287984 0
0.1989 0.299265 0
0.201701 0.310971 0
0.204502 0.323124 0
0.207304 0.335753 0
0.210105 0.348886 0
0.212907 0.362556 0
0.215708 0.376799 0
0.218509 0.391656 0
0.221311 0.407173 0
0.224112 0.423399 0
0.226914 0.440392 0
0.229715 0.458219 0
0.232516 0.476953 0
0.235318 0.496681 0
0.238119 0.517505 0
0.240921 0.539543 0
0.243722 0.562935 0
0.246524 0.587851 0
0.249325 0.614498 0
0.252126 0.643133 0
0.254928 0.674082 0
0.257729 0.707768 0
0.260531 0.744761 0
0.263332 0.785854 0
0.266133 0.832212 0
0.268935 0.885681 0
0.271736 0.949513 0
0.274538 1.0306 0
0.277339 1.15088 0
0.28014 1.35594 0.167123
0.281538 1.34954 0.25889
0.282935 1.3424 0.325925
0.284332 1.33506 0.381494
0.285729 1.32762 0.430071
0.287126 1.3201 0.473808
0.288524 1.31253 0.513944
0.289921 1.30491 0.551268
0.291318 1.29722 0.58632
0.292715 1.2895 0.619488
0.294112 1.28172 0.651051
0.295509 1.2739 0.681235
0.296907 1.26602 0.710229
0.298304 1.25811 0.738155
0.299701 1.2502 0.765144
0.301098 1.24194 0.791263
0.302495 1.23391 0.816621
0.303893 1.22582 0.841326
0.30529 1.21763 0.865386
0.306687 1.20937 0.88883
0.308084 1.20107 0.911723
0.309481 1.1927 0.934126
0.310879 1.18427 0.956069
0.312276 1.17578 0.977573
0.313673 1.16722 0.998662
0.31507 1.15859 1.01936
0.316467 1.14991 1.03969
0.317865 1.14116 1.05968
0.319262 1.13235 1.07935
0.320659 1.12347 1.0987
0.322056 1.11453 1.11776
0.323453 1.10551 1.13653
0.324851 1.09643 1.15503
0.326248 1.08729 1.17326
0.327645 1.07809 1.19126
0.329042 1.0688 1.20902
0.330439 1.05943 1.22654
0.331836 1.04999 1.24384
0.333234 1.04048 1.26092
0.334631 1.03089 1.27779
0.336028 1.02124 1.29445
0.337425 1.01151 1.31092
0.338822 1.0017 1.3272
0.34022 0.991816 1.34329
0.341617 0.981854 1.3592
0.343014 0.971815 1.37492
0.344411 0.961702 1.39047
0.345808 0.951515 1.40585
0.347206 0.941251 1.42106
0.348603 0.930906 1.43611
0.35 0.920481 1.45099
0.3512 0.911464 1.46365
0.3524 0.902389 1.47618
0.3536 0.893255 1.4886
0.3548 0.884065 1.5009
0.356 0.874825 1.51309
0.3572 0.865531 1.52516
0.3584 0.856177 1.53713
0.3596 0.84676 1.54899
0.3608 0.837281 1.56075
0.362 0.827737 1.57239
0.3632 0.818129 1.58393
0.3644 0.80846 1.59534
0.3656 0.798736 1.60664
0.3668 0.788963 1.61785
0.368 0.779136 1.62895
0.3692 0.769249 1.63995
0.3704 0.759305 1.65085
0.3716 0.749306 1.66163
0.3728 0.73925 1.67231
0.374 0.72913 1.68289
0.3752 0.718941 1.69338
0.3764 0.708694 1.70375
0.3776 0.698397 1.71401
0.3788 0.688051 1.72416
0.38 0.677655 1.73421
0.3812 0.667206 1.74416
0.3824 0.656702 1.754
0.3836 0.646144 1.76375
0.3848 0.63553 1.77339
0.386 0.624861 1.78292
0.3872 0.614138 1.79235
0.3884 0.603363 1.80167
0.3896 0.592536 1.81088
0.3908 0.581659 1.81999
0.392 0.570729 1.829
0.3932 0.559745 1.8379
0.3944 0.548709 1.8467
0.3956 0.537625 1.85539
0.3968 0.526494 1.86397
0.398 0.515319 1.87244
0.3992 0.5041 1.88081
0.4004 0.492838 1.88907
0.4016 0.481532 1.89722
0.4028 0.470177 1.90528
0.404 0.458771 1.91321
0.4052 0.44732 1.92104
0.4064 0.43583 1.92875
0.4076 0.424301 1.93637
0.4088 0.412727 1.94388
0.41 0.40111 1.95129
0.4112 0.389456 1.95857
0.4124 0.37777 1.96574
0.4136 0.366046 1.9728
0.4148 0.354281 1.97976
0.416 0.342473 1.98661
0.4172 0.330629 1.99334
0.4184 0.31875 1.99996
0.4196 0.306839 2.00647
0.4208 0.294896 2.01287
0.422 0.282925 2.01915
0.4232 0.270927 2.02532
0.4244 0.258901 2.03138
0.4256 0.246846 2.03733
0.4268 0.234764 2.04316
0.428 0.222656 2.04889
0.4292 0.210521 2.0545
0.4304 0.198363 2.05999
0.4316 0.186183 2.06537
0.4328 0.173984 2.07063
0.434 0.161768 2.07578
0.4352 0.14953 2.08082
0.4364 0.137264 2.08575
0.4376 0.124972 2.09057
0.4388 0.112659 2.09526
0.44 0.100344 2.09984
0.4412 0.0880302 2.1043
0.4424 0.0757061 2.10865
0.4436 0.0633681 2.11289
0.4448 0.0510167 2.11702
0.446 0.0386545 2.12103
0.4472 0.0262839 2.12492
0.4484 0.0139063 2.1287
0.4496 0.00152327 2.13237
0.4508 -0.0108638 2.13592
0.452 -0.0232538 2.13936
0.4532 -0.0356469 2.14268
0.4544 -0.0480446 2.1459
0.4556 -0.0604458 2.149
0.4568 -0.0728452 2.15199
0.458 -0.0852315 2.15485
0.4592 -0.0976036 2.1576
0.4604 -0.109973 2.16024
0.4616 -0.122341 2.16278
0.4628 -0.134706 2.16519
0.464 -0.147066 2.1675
0.4652 -0.159416 2.16969
0.4664 -0.171753 2.17176
0.4676 -0.184074 2.17373
0.4688 -0.196377 2.17559
0.47 -0.208664 2.17734
0.4712 -0.220937 2.17899
0.4724 -0.233194 2.18052
0.4736 -0.245431 2.18194
0.4748 -0.257646 2.18324
0.476 -0.269842 2.18444
0.4772 -0.282018 2.18554
0.4784 -0.294167 2.18653
0.4796 -0.306283 2.18741
0.4808 -0.318366 2.18818
0.482 -0.330425 2.18885
0.4832 -0.34247 2.18943
0.4844 -0.354499 2.18989
0.4856 -0.366508 2.19024
0.4868 -0.37848 2.19048
0.488 -0.390409 2.19063
0.4892 -0.402301 2.19067
0.4904 -0.414158 2.19062
0.4916 -0.42598 2.19046
0.4928 -0.437766 2.19021
0.494 -0.449516 2.18985
0.4952 -0.461229 2.1894
0.4964 -0.472903 2.18885
0.4976 -0.484536 2.18819
0.4988 -0.496126 2.18744
0.5 -0.507674 2.1866
0.5012 -0.519179 2.18565
0.5024 -0.530641 2.18462
0.5036 -0.542059 2.18349
0.5048 -0.553426 2.18227
0.506 -0.564742 2.18095
0.5072 -0.576011 2.17955
0.5084 -0.587235 2.17806
0.5096 -0.598415 2.17647
0.5108 -0.609544 2.1748
0.512 -0.620621 2.17304
0.5132 -0.631644 2.17119
0.5144 -0.642616 2.16927
0.5156 -0.653537 2.16725
0.5168 -0.664404 2.16515
0.518 -0.675218 2.16297
0.5192 -0.685978 2.1607
0.5204 -0.696686 2.15836
0.5216 -0.707335 2.15593
0.5228 -0.717919 2.15341
0.524 -0.728433 2.15081
0.5252 -0.738887 2.14814
0.5264 -0.749286 2.1454
0.5276 -0.759629 2.14259
0.5288 -0.769916 2.1397
0.53 -0.780147 2.13674
0.5312 -0.79032 2.1337
0.5324 -0.800433 2.13058
0.5336 -0.810481 2.12739
0.5348 -0.820463 2.12413
0.536 -0.830379 2.12081
0.5372 -0.840232 2.11742
0.5384 -0.85002 2.11396
0.5396 -0.859745 2.11044
0.5408 -0.869404 2.10685
0.542 -0.878997 2.10319
0.5432 -0.888521 2.09947
0.5444 -0.897975 2.09569
0.5456 -0.907357 2.09185
0.5468 -0.916677 2.08795
0.548 -0.925942 2.08399
0.5492 -0.935152 2.07998
0.5504 -0.944304 2.07589
0.5516 -0.953375 2.07175
0.5528 -0.962358 2.06756
0.554 -0.971269 2.06332
0.5552 -0.980118 2.05903
0.5564 -0.988903 2.05467
0.5576 -0.997619 2.05026
0.5588 -1.00626 2.0458
0.56 -1.01484 2.0413
0.5612 -1.02334 2.03675
0.5624 -1.03178 2.03215
0.5636 -1.04015 2.0275
0.5648 -1.04844 2.0228
0.566 -1.05666 2.01806
0.5672 -1.0648 2.01327
0.5684 -1.07287 2.00845
0.5696 -1.08089 2.00358
0.5708 -1.08884 1.99867
0.572 -1.09673 1.99372
0.5732 -1.10455 1.98873
0.5744 -1.11229 1.98369
0.5756 -1.11995 1.97862
0.5768 -1.12755 1.97351
0.578 -1.13507 1.96836
0.5792 -1.14252 1.96318
0.5804 -1.14991 1.95796
0.5816 -1.15722 1.95271
0.5828 -1.16446 1.94742
0.584 -1.17163 1.9421
0.5852 -1.17873 1.93675
0.5864 -1.18576 1.93137
0.5876 -1.19272 1.92597
0.5888 -1.19962 1.92053
0.59 -1.20646 1.91507
0.5912 -1.21322 1.90958
0.5924 -1.2199 1.90405
0.5936 -1.22652 1.8985
0.5948 -1.23307 1.89293
0.596 -1.23955 1.88733
0.5972 -1.24596 1.8817
0.5984 -1.2523 1.87605
0.5996 -1.25857 1.87038
0.6008 -1.26478 1.86469
0.602 -1.27091 1.85898
0.6032 -1.27698 1.85326
0.6044 -1.28298 1.84751
0.6056 -1.28892 1.84173
0.6068 -1.29478 1.83594
0.608 -1.30058 1.83013
0.6092 -1.30631 1.8243
0.6104 -1.31197 1.81846
0.6116 -1.31757 1.8126
0.6128 -1.32311 1.80673
0.614 -1.32858 1.80085
0.6152 -1.33399 1.79495
0.6164 -1.33934 1.78903
0.6176 -1.34461 1.78311
0.6188 -1.34983 1.77717
0.62 -1.35498 1.77121
0.6212 -1.36006 1.76525
0.6224 -1.36508 1.75928
0.6236 -1.37004 1.7533
0.6248 -1.37494 1.7473
0.626 -1.37977 1.74129
0.6272 -1.38454 1.73527
0.6284 -1.38925 1.72925
0.6296 -1.3939 1.72322
0.6308 -1.39848 1.71718
0.632 -1.403 1.71114
0.6332 -1.40745 1.70509
0.6344 -1.41184 1.69904
0.6356 -1.41618 1.69298
0.6368 -1.42047 1.68692
0.638 -1.4247 1.68086
0.6392 -1.42888 1.67478
0.6404 -1.43299 1.6687
0.6416 -1.43705 1.66261
0.6428 -1.44104 1.65652
0.644 -1.44497 1.65044
0.6452 -1.44884 1.64435
0.6464 -1.45266 1.63826
0.6476 -1.45643 1.63216
0.6488 -1.46013 1.62606
0.65 -1.46378 1.61997
0.6512 -1.46737 1.61387
0.6524 -1.47091 1.60778
0.6536 -1.47438 1.60168
0.6548 -1.4778 1.59558
0.656 -1.48117 1.58949
0.6572 -1.4845 1.5834
0.6584 -1.48777 1.5773
0.6596 -1.49099 1.57121
0.6608 -1.49415 1.56512
0.662 -1.49725 1.55903
0.6632 -1.5003 1.55295
0.6644 -1.5033 1.54687
0.6656 -1.50626 1.54079
0.6668 -1.50915 1.53471
0.668 -1.512 1.52863
0.6692 -1.51479 1.52255
0.6704 -1.51753 1.51649
0.6716 -1.52023 1.51044
0.6728 -1.52289 1.50439
0.674 -1.5255 1.49834
0.6752 -1.52805 1.49228
0.6764 -1.53055 1.48623
0.6776 -1.533 1.48019
0.6788 -1.5354 1.47415
0.68 -1.53775 1.46812
0.6812 -1.54005 1.4621
0.6824 -1.5423 1.45608
0.6836 -1.54451 1.45007
0.6848 -1.54667 1.44406
0.686 -1.54879 1.43805
0.6872 -1.55086 1.43206
0.6884 -1.55288 1.42607
0.6896 -1.55486 1.42009
0.6908 -1.5568 1.41412
0.692 -1.55869 1.40815
0.6932 -1.56053 1.40219
0.6944 -1.56232 1.39622
0.6956 -1.56406 1.39028
0.6968 -1.56576 1.38434
0.698 -1.56743 1.37841
0.6992 -1.56906 1.37248
0.7004 -1.57065 1.36656
0.7016 -1.57219 1.36065
0.7028 -1.57369 1.35474
0.704 -1.57515 1.34883
0.7052 -1.57656 1.34293
0.7064 -1.57793 1.33703
0.7076 -1.57926 1.33115
0.7088 -1.58054 1.32529
0.71 -1.58179 1.31943
0.7112 -1.583 1.31357
0.7124 -1.58416 1.30772
0.7136 -1.58528 1.30187
0.7148 -1.58636 1.29603
0.716 -1.5874 1.2902
0.7172 -1.5884 1.28437
0.7184 -1.58936 1.27856
0.7196 -1.59027 1.27275
0.7208 -1.59115 1.26695
0.722 -1.59199 1.26116
0.7232 -1.5928 1.25538
0.7244 -1.59357 1.24959
0.7256 -1.59429 1.24382
0.7268 -1.59498 1.23804
0.728 -1.59563 1.23228
0.7292 -1.59624 1.22653
0.7304 -1.59681 1.22078
0.7316 -1.59735 1.21504
0.7328 -1.59785 1.20931
0.734 -1.5983 1.20358
0.7352 -1.59872 1.19786
0.7364 -1.5991 1.19214
0.7376 -1.59944 1.18643
0.7388 -1.59975 1.18073
0.74 -1.60003 1.17503
0.7412 -1.60026 1.16934
0.7424 -1.60046 1.16365
0.7436 -1.60062 1.15797
0.7448 -1.60075 1.1523
0.746 -1.60083 1.14663
0.7472 -1.60089 1.14097
0.7484 -1.6009 1.13531
0.7496 -1.60088 1.12965
0.7508 -1.60082 1.124
0.752 -1.60073 1.11835
0.7532 -1.60059 1.1127
0.7544 -1.60042 1.10707
0.7556 -1.60022 1.10143
0.7568 -1.59999 1.0958
0.758 -1.59971 1.09017
0.7592 -1.5994 1.08454
0.7604 -1.59905 1.07892
0.7616 -1.59867 1.07331
0.7628 -1.59825 1.06769
0.764 -1.59779 1.06207
0.7652 -1.59729 1.05645
0.7664 -1.59676 1.05084
0.7676 -1.59619 1.04524
0.7688 -1.5956 1.03964
0.77 -1.59497 1.03404
0.7712 -1.59431 1.02844
0.7724 -1.5936 1.02283
0.7736 -1.59286 1.01723
0.7748 -1.59207 1.01162
0.776 -1.59124 1.00602
0.7772 -1.59038 1.00041
0.7784 -1.58947 0.994814
0.7796 -1.58854 0.989214
0.7808 -1.58756 0.983613
0.782 -1.58655 0.978011
0.7832 -1.5855 0.972408
0.7844 -1.58442 0.966801
0.7856 -1.58329 0.96119
0.7868 -1.58212 0.955575
0.788 -1.58092 0.94996
0.7892 -1.57968 0.944343
0.7904 -1.5784 0.938723
0.7916 -1.57709 0.933096
0.7928 -1.57573 0.927464
0.794 -1.57433 0.921829
0.7952 -1.57289 0.916193
0.7964 -1.57141 0.910552
0.7976 -1.56989 0.904906
0.7988 -1.56833 0.899252
0.8 -1.56672 0.893591
0.8012 -1.56508 0.88792
0.8024 -1.56338 0.882242
0.8036 -1.56165 0.876558
0.8048 -1.55987 0.870868
0.806 -1.55805 0.865172
0.8072 -1.55619 0.859468
0.8084 -1.55428 0.853755
0.8096 -1.55234 0.84803
0.8108 -1.55035 0.84229
0.812 -1.54831 0.836541
0.8132 -1.54622 0.830783
0.8144 -1.54408 0.825016
0.8156 -1.54189 0.819237
0.8168 -1.53966 0.813446
0.818 -1.53738 0.807641
0.8192 -1.53505 0.801822
0.8204 -1.53266 0.795989
0.8216 -1.53023 0.790141
0.8228 -1.52774 0.784279
0.824 -1.5252 0.778404
0.8252 -1.5226 0.772513
0.8264 -1.51996 0.766606
0.8276 -1.51726 0.76068
0.8288 -1.5145 0.754732
0.83 -1.51169 0.748764
0.8312 -1.50882 0.74278
0.8324 -1.50588 0.736782
0.8336 -1.50289 0.730766
0.8348 -1.49985 0.72473
0.836 -1.49674 0.718671
0.8372 -1.49357 0.712586
0.8384 -1.49034 0.706473
0.8396 -1.48703 0.700335
0.8408 -1.48364 0.694179
0.842 -1.48019 0.688002
0.8432 -1.47667 0.681803
0.8444 -1.47308 0.67558
0.8456 -1.46943 0.669329
0.8468 -1.4657 0.663045
0.848 -1.46189 0.656725
0.8492 -1.458 0.650376
0.8504 -1.45402 0.644003
0.8516 -1.44997 0.637606
0.8528 -1.44584 0.63118
0.854 -1.44163 0.624723
0.8552 -1.43735 0.618229
0.8564 -1.43297 0.611693
0.8576 -1.42851 0.605116
0.8588 -1.42394 0.598509
0.86 -1.41927 0.591875
0.8612 -1.4145 0.58521
0.8624 -1.40964 0.578508
0.8636 -1.40469 0.571766
0.8648 -1.39963 0.564978
0.866 -1.39446 0.55814
0.8672 -1.38916 0.551256
0.8684 -1.38374 0.544337
0.8696 -1.3782 0.537383
0.8708 -1.37255 0.530392
0.872 -1.36678 0.52336
0.8732 -1.36089 0.516279
0.8744 -1.35487 0.509142
0.8756 -1.34871 0.501943
0.8768 -1.34241 0.494694
0.878 -1.33596 0.487407
0.8792 -1.32936 0.48008
0.8804 -1.32262 0.472708
0.8816 -1.31574 0.465284
0.8828 -1.3087 0.457802
0.884 -1.3015 0.450255
0.8852 -1.29412 0.442642
0.8864 -1.28656 0.434975
0.8876 -1.2788 0.427266
0.8888 -1.27086 0.41951
0.89 -1.26273 0.411703
0.8912 -1.25442 0.403837
0.8924 -1.24591 0.395902
0.8936 -1.2372 0.38789
0.8948 -1.22822 0.379803
0.896 -1.21899 0.37167
0.8972 -1.20951 0.363496
0.8984 -1.19979 0.355275
0.8996 -1.18984 0.346996
0.9008 -1.17964 0.338649
0.902 -1.16916 0.330227
0.9032 -1.15839 0.32172
0.9044 -1.14729 0.313144
0.9056 -1.13586 0.304529
0.9068 -1.12413 0.295877
0.908 -1.11208 0.287181
0.9092 -1.09969 0.278432
0.9104 -1.08697 0.26962
0.9116 -1.07387 0.260732
0.9128 -1.06037 0.251764
0.914 -1.04643 0.242748
0.9152 -1.03207 0.233716
0.9164 -1.01727 0.224667
0.9176 -1.00204 0.21559
0.9188 -0.986337 0.206479
0.92 -0.970154 0.197325
0.9212 -0.953451 0.18812
0.9224 -0.936181 0.178874
0.9236 -0.918312 0.169636
0.9248 -0.899844 0.160438
0.926 -0.880767 0.151274
0.9272 -0.861061 0.142137
0.9284 -0.840692 0.133025
0.9296 -0.819621 0.123942
0.9308 -0.797799 0.114893
0.932 -0.775167 0.105912
0.9332 -0.751687 0.0970608
0.9344 -0.727349 0.0883681
0.9356 -0.702125 0.0798407
0.9368 -0.675975 0.0714907
0.938 -0.648847 0.0633386
0.9392 -0.620683 0.0554127
0.9404 -0.591417 0.04775
0.9416 -0.56098 0.0404179
0.9428 -0.52933 0.0334934
0.944 -0.496429 0.0270203
0.9452 -0.462218 0.0210415
0.9464 -0.426615 0.0156175
0.9476 -0.389541 0.010836
0.9488 -0.350931 0.00679518
0.95 -0.310719 0.00359391
0.950187 -0.304312 0.00317706
0.950374 -0.297864 0.00278329
0.95056 -0.291374 0.00241331
0.950747 -0.284843 0.00206834
0.950934 -0.27827 0.00174809
0.951121 -0.271655 0.00145244
0.951307 -0.264997 0.00118259
0.951494 -0.258297 0.000939505
0.951681 -0.251554 0.000723071
0.951868 -0.244767 0.000533483
0.952054 -0.237936 0.000371755
0.952241 -0.231062 0.000238666
0.952428 -0.224144 0.000134365
0.952615 -0.217181 5.93213e-05
0.952802 -0.210173 1.43506e-05
0.952988 -0.203121 2.01716e-08
0.953175 -0.196022 1.67987e-05
0.953362 -0.188879 6.54241e-05
0.953549 -0.18169 0.000146492
0.953735 -0.174453 0.000260349
0.953922 -0.167168 0.000407833
0.954109 -0.159836 0.000589945
0.954296 -0.152459 0.000807039
0.954482 -0.145037 0.00105922
0.954669 -0.137566 0.00134776
0.954856 -0.130044 0.00167392
0.955043 -0.122475 0.00203777
0.95523 -0.114858 0.00243919
0.955416 -0.107193 0.00287994
0.955603 -0.099476 0.0033615
0.95579 -0.0917102 0.00388366
0.955977 -0.0838958 0.00444606
0.956163 -0.0760308 0.00505098
0.95635 -0.0681146 0.00570015
0.956537 -0.0601478 0.00639307
0.956724 -0.0521309 0.00712905
0.95691 -0.0440624 0.00791103
0.957097 -0.0359419 0.00874097
0.957284 -0.0277697 0.00961799
0.957471 -0.0195458 0.0105412
0.957658 -0.0112693 0.0115141
0.957844 -0.0029402 0.0125389
0.958031 0.00544157 0.0136144
0.958218 0.013877 0.0147393
0.958405 0.0223657 0.0159181
0.958591 0.0309072 0.0171531
0.958778 0.0395026 0.0184425
0.958965 0.0481538 0.019785
0.959152 0.0568589 0.0211856
0.959338 0.0656164 0.0226469
0.959525 0.0744287 0.024167
0.959712 0.0833002 0.0257438
0.959899 0.0922259 0.0273835
0.960086 0.101202 0.0290889
0.960272 0.110233 0.0308575
0.960459 0.119332 0.0326868
0.960646 0.128485 0.0345842
0.960833 0.137678 0.0365525
0.961019 0.146908 0.0385885
0.961206 0.1562 0.0406899
0.961393 0.165596 0.0428649
0.96158 0.175047 0.0451165
0.961767 0.184538 0.0474411
0.961953 0.19407 0.0498355
0.96214 0.203668 0.0523096
0.962327 0.21333 0.0548662
0.962514 0.223046 0.057501
0.9627 0.232811 0.0602109
0.962887 0.242638 0.0630069
0.963074 0.252526 0.065892
0.963261 0.26247 0.0688613
0.963447 0.272466 0.0719111
0.963634 0.282523 0.0750539
0.963821 0.292638 0.0782928
0.964008 0.302809 0.0816218
0.964195 0.313036 0.085037
0.964381 0.323322 0.0885532
0.964568 0.333663 0.0921727
0.964755 0.344061 0.0958889
0.964942 0.354517 0.0996978
0.965128 0.365029 0.103615
0.965315 0.375595 0.107644
0.965502 0.386216 0.111777
0.965689 0.3969 0.116009
0.965875 0.407636 0.120359
0.966062 0.418419 0.124828
0.966249 0.429259 0.12941
0.966436 0.440169 0.134097
0.966623 0.451125 0.138911
0.966809 0.462112 0.143855
0.966996 0.473151 0.148918
0.967183 0.484311 0.154094
0.96737 0.495533 0.159408
0.967556 0.506758 0.164861
0.967743 0.517991 0.170441
0.96793 0.529253 0.176144
0.968117 0.540621 0.181994
0.968303 0.552053 0.187994
0.96849 0.563518 0.194131
0.968677 0.575011 0.200399
0.968864 0.586568 0.206826
0.969051 0.598177 0.213412
0.969237 0.609823 0.220146
0.969424 0.621505 0.22702
0.969611 0.633236 0.234066
0.969798 0.645012 0.241284
0.969984 0.656823 0.248657
0.970171 0.668672 0.256182
0.970358 0.680561 0.263892
0.970545 0.692483 0.271786
0.970731 0.70444 0.279847
0.970918 0.716437 0.288069
0.971105 0.72846 0.296491
0.971292 0.740505 0.305109
0.971479 0.752582 0.313905
0.971665 0.764706 0.322875
0.971852 0.776837 0.332059
0.972039 0.788971 0.341453
0.972226 0.801139 0.351038
0.972412 0.813395 0.360807
0.972599 0.825634 0.370807
0.972786 0.837814 0.381031
0.972973 0.849936 0.391458
0.973159 0.862087 0.402083
0.973346 0.874387 0.412956
0.973533 0.886684 0.424068
0.97372 0.898929 0.435395
0.973907 0.911141 0.446935
0.974093 0.923384 0.458739
0.97428 0.935624 0.470798
0.974467 0.947834 0.483086
0.974654 0.960016 0.495601
0.97484 0.972194 0.508399
0.975027 0.984347 0.521469
0.975214 0.996466 0.534782
0.975401 1.00855 0.548338
0.975587 1.02061 0.562195
0.975774 1.03261 0.576341
0.975961 1.04457 0.590745
0.976148 1.05651 0.605407
0.976335 1.06836 0.620392
0.976521 1.08014 0.635684
0.976708 1.09187 0.651249
0.976895 1.10359 0.667088
0.977082 1.11518 0.683273
0.977268 1.12658 0.699782
0.977455 1.1378 0.716579
0.977642 1.14909 0.733668
0.977829 1.16045 0.751125
0.978015 1.17163 0.768927
0.978202 1.18261 0.787034
0.978389 1.19343 0.805451
0.978576 1.20417 0.824259
0.978763 1.21478 0.84343
0.978949 1.22521 0.862924
0.979136 1.23549 0.882748
0.979323 1.24561 0.902988
0.97951 1.25555 0.923613
0.979696 1.26531 0.944578
0.979883 1.27489 0.965894
0.98007 1.28425 0.987655
0.980257 1.29337 1.00982
0.980444 1.3023 1.03235
0.98063 1.31105 1.05525
0.980817 1.31947 1.07863
0.981004 1.32751 1.10244
0.981191 1.33518 1.12662
0.981377 1.34281 1.15121
0.981564 1.3503 1.17632
0.981751 1.35736 1.20188
0.981938 1.36396 1.22784
0.982124 1.37022 1.25424
0.982311 1.37617 1.2812
0.982498 1.38172 1.30865
0.982685 1.38684 1.33654
0.982872 1.39155 1.36493
0.983058 1.3958 1.3939
0.983245 1.39956 1.42343
0.983432 1.40285 1.45345
0.983619 1.40572 1.48401
0.983805 1.40786 1.51529
0.983992 1.40929 1.54717
0.984179 1.41008 1.57962
0.984366 1.41034 1.61274
0.984552 1.41006 1.64672
0.984739 1.409 1.68164
0.984926 1.40681 1.717
0.985113 1.4038 1.75316
0.9853 1.39977 1.79082
0.985486 1.39446 1.82955
0.985673 1.38824 1.86904
0.98586 1.38238 1.90973
0.986047 1.37168 1.95343
0.986233 1.36087 1.99967
0.98642 1.3423 2.04419
0.986607 1.32425 2.09276
0.986794 1.29543 2.16624
0.98698 1.25494 2.22033
0.987167 1.1111 2.24031
0.987354 1.1117 2.25832
0.987433 1.10104 2.28231
0.987511 1.0821 2.2887
0.98759 1.06355 2.29267
0.987669 1.04606 2.29525
0.987747 1.02948 2.29747
0.987826 1.01385 2.29927
0.987905 0.998888 2.30102
0.987983 0.984721 2.30256
0.988062 0.971028 2.30414
0.988141 0.957908 2.30566
0.988219 0.945206 2.30717
0.988298 0.933027 2.30866
0.988377 0.920993 2.31019
0.988456 0.909174 2.31171
0.988534 0.89927 2.31323
0.988613 0.887817 2.31478
0.988692 0.877048 2.31634
0.98877 0.866679 2.31793
0.988849 0.856449 2.31951
0.988928 0.846505 2.32112
0.989006 0.836766 2.32275
0.989085 0.827193 2.32438
0.989164 0.817806 2.32604
0.989242 0.808585 2.32771
0.989321 0.79951 2.32938
0.9894 0.790615 2.33109
0.989478 0.781836 2.33279
0.989557 0.773215 2.33454
0.989636 0.764691 2.33627
0.989714 0.756314 2.33804
0.989793 0.748032 2.3398
0.989872 0.739862 2.34158
0.98995 0.731795 2.34337
0.990029 0.723834 2.34519
0.990108 0.71596 2.347
0.990186 0.708184 2.34886
0.990265 0.700488 2.3507
0.990344 0.692877 2.35258
0.990423 0.685343 2.35443
0.990501 0.677886 2.35633
0.99058 0.670501 2.35824
0.990659 0.663186 2.36015
0.990737 0.655939 2.36208
0.990816 0.648753 2.36403
0.990895 0.641628 2.36599
0.990973 0.634563 2.36797
0.991052 0.627555 2.36995
0.991131 0.6206 2.37196
0.991209 0.613696 2.37398
0.991288 0.606841 2.37602
0.991367 0.60004 2.37806
0.991445 0.593287 2.38012
0.991524 0.586567 2.38221
0.991603 0.57989 2.38431
0.991681 0.573252 2.38644
0.99176 0.566679 2.38855
0.991839 0.560117 2.39071
0.991917 0.553592 2.39289
0.991996 0.547105 2.39508
0.992075 0.540654 2.3973
0.992153 0.53422 2.39954
0.992232 0.527817 2.4018
0.992311 0.521466 2.40408
0.99239 0.515135 2.40638
0.992468 0.508782 2.40873
0.992547 0.502508 2.41108
0.992626 0.496227 2.41346
0.992704 0.490026 2.41586
0.992783 0.483737 2.41832
0.992862 0.477585 2.42078
0.99294 0.471393 2.42329
0.993019 0.46519 2.42584
0.993098 0.45908 2.4284
0.993176 0.452956 2.43102
0.993255 0.446725 2.43368
0.993334 0.44042 2.43639
0.993412 0.433682 2.43912
0.993491 0.428451 2.44191
0.99357 0.422833 2.44478
0.993648 0.416426 2.44766
0.993727 0.410424 2.45062
0.993806 0.404311 2.45363
0.993884 0.398456 2.45676
0.993963 0.392357 2.4599
0.994042 0.386438 2.46317
0.99412 0.380415 2.4665
0.994199 0.374606 2.46999
0.994278 0.368587 2.47351
0.994357 0.362814 2.47724
0.994435 0.356888 2.48103
0.994514 0.351197 2.48507
0.994593 0.34539 2.48921
0.994671 0.339907 2.49372
0.99475 0.334247 2.49832
0.994829 0.329123 2.50351
0.994907 0.323733 2.50879
0.994986 0.319653 2.51542
0.995065 0.312465 2.51984
0.995143 0.31096 2.52963
0.995222 0.277108 2.50864
0.99627 0.120094 2.43265
0.997318 0.03791 2.38452
0.998365 -0.0207349 2.35113
0.999413 -0.0687452 2.32476
1.00046 -0.110586 2.30296
1.00151 -0.147237 2.28396
1.00256 -0.180531 2.26764
1.0036 -0.211636 2.25326
1.00465 -0.240208 2.24064
1.0057 -0.267375 2.22896
1.00675 -0.292779 2.21857
1.0078 -0.316865 2.20879
1.00884 -0.339703 2.20015
1.00989 -0.361491 2.19209
1.01094 -0.382204 2.18446
1.01199 -0.402078 2.17746
1.01303 -0.421243 2.17095
1.01408 -0.440741 2.16495
1.01513 -0.456316 2.15913
1.01618 -0.473658 2.1538
1.01723 -0.490423 2.14861
1.01827 -0.506266 2.14387
1.01932 -0.521637 2.13939
1.02037 -0.536634 2.13496
1.02142 -0.551101 2.13092
1.02246 -0.565177 2.12708
1.02351 -0.578845 2.12328
1.02456 -0.592161 2.11976
1.02561 -0.605088 2.11633
1.02666 -0.617773 2.11315
1.0277 -0.630084 2.11004
1.02875 -0.642115 2.10707
1.0298 -0.6534 2.10415
1.03085 -0.666361 2.10144
1.03189 -0.676547 2.09884
1.03294 -0.68771 2.09623
1.03399 -0.698384 2.0938
1.03504 -0.708912 2.09141
1.03609 -0.71917 2.08917
1.03713 -0.729278 2.08696
1.03818 -0.739183 2.08482
1.03923 -0.748902 2.08271
1.04028 -0.758428 2.08076
1.04132 -0.76779 2.07885
1.04237 -0.776957 2.07693
1.04342 -0.785994 2.07515
1.04447 -0.794863 2.07341
1.04552 -0.803538 2.07168
1.04656 -0.812133 2.07005
1.04761 -0.820433 2.06842
1.04866 -0.828703 2.06689
1.04971 -0.83614 2.0654
1.05075 -0.845251 2.06395
1.0518 -0.853353 2.06246
1.05285 -0.861045 2.06108
1.0539 -0.86862 2.05977
1.05495 -0.876127 2.05851
1.05599 -0.883566 2.05726
1.05704 -0.890918 2.05604
1.05809 -0.898172 2.05484
1.05914 -0.905325 2.05368
1.06018 -0.912378 2.05255
1.06123 -0.919336 2.05146
1.06228 -0.926203 2.05041
1.06333 -0.932985 2.04939
1.06438 -0.939683 2.04841
1.06542 -0.946298 2.04745
1.06647 -0.95283 2.04651
1.06752 -0.959281 2.04561
1.06857 -0.965651 2.04473
1.06961 -0.971942 2.04388
1.07066 -0.978159 2.04305
1.07171 -0.984308 2.04226
1.07276 -0.990391 2.0415
1.07381 -0.99641 2.04076
1.07485 -1.00237 2.04004
1.0759 -1.00826 2.03935
1.07695 -1.01409 2.03869
1.078 -1.01986 2.03805
1.07904 -1.02557 2.03743
1.08009 -1.03122 2.03683
1.08114 -1.03682 2.03627
1.08219 -1.04236 2.03572
1.08324 -1.04785 2.0352
1.08428 -1.05328 2.0347
1.08533 -1.05867 2.03422
1.08638 -1.064 2.03376
1.08743 -1.06929 2.03333
1.08847 -1.07454 2.03292
1.08952 -1.07973 2.03253
1.09057 -1.08489 2.03217
1.09162 -1.08999 2.03182
1.09267 -1.09505 2.03149
1.09371 -1.10008 2.03118
1.09476 -1.10506 2.0309
1.09581 -1.11 2.03063
1.09686 -1.1149 2.03039
1.0979 -1.11977 2.03017
1.09895 -1.1246 2.02998
1.1 -1.1294 2.0298
1.1045 -1.14966 2.02925
1.109 -1.16937 2.02904
1.1135 -1.18857 2.02921
1.118 -1.20733 2.0297
1.1225 -1.22575 2.03055
1.127 -1.24384 2.0317
1.1315 -1.26163 2.03319
1.136 -1.27921 2.035
1.1405 -1.29662 2.03712
1.145 -1.3139 2.03954
1.1495 -1.33108 2.04225
1.154 -1.34831 2.04526
1.1585 -1.36539 2.04853
1.163 -1.38255 2.05209
1.1675 -1.39981 2.05591
1.172 -1.41717 2.05997
1.1765 -1.43469 2.0643
1.181 -1.45238 2.06882
1.1855 -1.47032 2.07358
1.19 -1.48854 2.07853
1.1945 -1.50702 2.08368
1.199 -1.52587 2.089
1.2035 -1.54511 2.09455
1.208 -1.56485 2.10023
1.2125 -1.58511 2.10595
1.217 -1.60593 2.1117
1.2215 -1.62744 2.11742
1.226 -1.64946 2.12305
1.2305 -1.67213 2.12856
1.235 -1.69549 2.13386
1.2395 -1.71953 2.13897
1.244 -1.74428 2.14375
1.2485 -1.76979 2.14821
1.253 -1.79604 2.15223
1.2575 -1.82318 2.15573
1.262 -1.85097 2.15869
1.2665 -1.87959 2.16102
1.271 -1.90912 2.16244
1.2755 -1.93944 2.16308
1.28 -1.97065 2.16279
1.2845 -2.00279 2.16131
1.289 -2.03431 2.1581
1.2935 -2.07089 2.1535
1.298 -2.10246 2.14803
1.3025 -2.13893 2.13739
1.307 -2.17261 2.12655
1.3115 -2.20562 2.11197
1.316 -2.23708 2.09654
1.3205 -2.26718 2.07997
1.325 -2.29562 2.06232
1.3295 -2.32446 2.04399
1.334 -2.35018 2.02494
1.3385 -2.37545 2.00518
1.343 -2.39952 1.98497
1.3475 -2.42251 1.96443
1.352 -2.44447 1.94348
1.3565 -2.46539 1.9222
1.361 -2.48534 1.90074
1.3655 -2.50448 1.87911
1.37 -2.5225 1.85733
1.3745 -2.53972 1.83545
1.379 -2.55608 1.81353
1.3835 -2.57163 1.79158
1.388 -2.58639 1.7696
1.3925 -2.6004 1.74769
1.397 -2.61366 1.72582
1.4015 -2.62622 1.70402
1.406 -2.63802 1.68233
1.4105 -2.64931 1.66073
1.415 -2.65992 1.63926
1.4195 -2.66989 1.61796
1.424 -2.6793 1.59678
1.4285 -2.68814 1.57578
1.433 -2.69645 1.55495
1.4375 -2.70424 1.53431
1.442 -2.71151 1.51385
1.4465 -2.71832 1.4936
1.451 -2.72468 1.47355
1.4555 -2.73059 1.45371
1.46 -2.73607 1.43408
1.4645 -2.74115 1.41467
1.469 -2.74583 1.39548
1.4735 -2.75014 1.37652
1.478 -2.75408 1.35777
1.4825 -2.75766 1.33926
1.487 -2.76094 1.32098
1.4915 -2.76389 1.30292
1.496 -2.76653 1.2851
1.5005 -2.76888 1.2675
1.505 -2.77094 1.25014
1.5095 -2.77273 1.233
1.514 -2.77427 1.21611
1.5185 -2.77553 1.19942
1.523 -2.77658 1.18298
1.5275 -2.77741 1.16675
1.532 -2.778 1.15076
1.5365 -2.77839 1.13498
1.541 -2.77858 1.11944
1.5455 -2.77856 1.1041
1.55 -2.77837 1.08899
1.5545 -2.77799 1.07409
1.559 -2.77745 1.05941
1.5635 -2.77677 1.04494
1.568 -2.77591 1.03068
1.5725 -2.7749 1.01663
1.577 -2.77375 1.00278
1.5815 -2.77247 0.989139
1.586 -2.77105 0.975693
1.5905 -2.76952 0.96245
1.595 -2.76785 0.949398
1.5995 -2.76608 0.936546
1.604 -2.76422 0.923878
1.6085 -2.76223 0.911406
1.613 -2.76015 0.899112
1.6175 -2.75798 0.887009
1.622 -2.75571 0.875078
1.6265 -2.75337 0.863336
1.631 -2.75093 0.85176
1.6355 -2.74842 0.840365
1.64 -2.74585 0.829136
1.6445 -2.7432 0.81808
1.649 -2.74048 0.807186
1.6535 -2.7377 0.796459
1.658 -2.73486 0.78589
1.6625 -2.73197 0.775482
1.667 -2.72902 0.765231
1.6715 -2.726 0.75513
1.676 -2.72296 0.745187
1.6805 -2.71988 0.735387
1.685 -2.71673 0.725741
1.6895 -2.71356 0.716233
1.694 -2.71034 0.706873
1.6985 -2.70709 0.697649
1.703 -2.70381 0.688569
1.7075 -2.70048 0.679617
1.712 -2.69713 0.670808
1.7165 -2.69377 0.662122
1.721 -2.69037 0.653575
1.7255 -2.68695 0.645147
1.73 -2.68351 0.636852
1.7345 -2.68004 0.628676
1.739 -2.67656 0.620624
1.7435 -2.67306 0.612691
1.748 -2.66953 0.604876
1.7525 -2.66601 0.597177
1.757 -2.66246 0.589592
1.7615 -2.65891 0.582121
1.766 -2.65534 0.574756
1.7705 -2.65177 0.567506
1.775 -2.64819 0.560357
1.7795 -2.64461 0.553319
1.784 -2.641 0.546379
1.7885 -2.63739 0.539547
1.793 -2.6338 0.532808
1.7975 -2.63019 0.526175
1.802 -2.62658 0.519634
1.8065 -2.62297 0.513191
1.811 -2.61936 0.506841
1.8155 -2.61575 0.500585
1.82 -2.61215 0.494418
1.8245 -2.60854 0.488342
1.829 -2.60494 0.482353
1.8335 -2.60134 0.476451
1.838 -2.59774 0.470635
1.8425 -2.59415 0.464901
1.847 -2.59057 0.459253
1.8515 -2.58698 0.453683
1.856 -2.58341 0.448196
1.8605 -2.57985 0.442783
1.865 -2.57629 0.437453
1.8695 -2.57274 0.432194
1.874 -2.5692 0.427015
1.8785 -2.56566 0.421905
1.883 -2.56214 0.416871
1.8875 -2.55863 0.411906
1.892 -2.55513 0.407013
1.8965 -2.55164 0.402187
1.901 -2.54816 0.397432
1.9055 -2.54468 0.392741
1.91 -2.54123 0.388118
1.9145 -2.53778 0.383559
1.919 -2.53434 0.379064
1.9235 -2.53092 0.374632
1.928 -2.52751 0.370261
1.9325 -2.52412 0.365953
1.937 -2.52073 0.361702
1.9415 -2.51737 0.357513
1.946 -2.514 0.353378
1.9505 -2.51066 0.349305
1.955 -2.50733 0.345283
1.9595 -2.50402 0.341322
1.964 -2.50071 0.337409
1.9685 -2.49743 0.333556
1.973 -2.49416 0.329751
1.9775 -2.4909 0.326001
1.982 -2.48766 0.322299
1.9865 -2.48443 0.318651
1.991 -2.48121 0.31505
1.9955 -2.47802 0.311499
2 -2.47484 0.307997
2.03 -2.45402 0.285814
2.06 -2.43389 0.265531
2.09 -2.41448 0.246961
2.12 -2.39576 0.22994
2.15 -2.37775 0.214321
2.18 -2.36041 0.199971
2.21 -2.34375 0.186772
2.24 -2.32773 0.174619
2.27 -2.31235 0.163417
2.3 -2.29758 0.15308
2.33 -2.28339 0.143531
2.36 -2.26976 0.1347
2.39 -2.25668 0.126526
2.42 -2.24412 0.118952
2.45 -2.23206 0.111926
2.48 -2.22047 0.105404
2.51 -2.20934 0.0993428
2.54 -2.19864 0.0937049
2.57 -2.18836 0.088456
2.6 -2.17848 0.0835647
2.63 -2.16898 0.0790026
2.66 -2.15984 0.0747441
2.69 -2.15104 0.0707658
2.72 -2.14258 0.0670458
2.75 -2.13443 0.0635647
2.78 -2.12659 0.0603045
2.81 -2.11903 0.0572488
2.84 -2.11174 0.0543827
2.87 -2.10472 0.0516923
2.9 -2.09795 0.0491653
2.93 -2.09142 0.0467897
2.96 -2.08512 0.0445548
2.99 -2.07904 0.042451
3.02 -2.07316 0.0404692
3.05 -2.06749 0.0386014
3.08 -2.06201 0.0368393
3.11 -2.05671 0.0351764
3.14 -2.05159 0.0336058
3.17 -2.04663 0.0321216
3.2 -2.04184 0.0307182
3.23 -2.0372 0.0293902
3.26 -2.03271 0.0281332
3.29 -2.02837 0.0269425
3.32 -2.02415 0.0258139
3.35 -2.02007 0.0247438
3.38 -2.01612 0.0237284
3.41 -2.01228 0.0227645
3.44 -2.00856 0.0218492
3.47 -2.00496 0.0209792
3.5 -2.00146 0.020152
3.53 -1.99806 0.0193652
3.56 -1.99476 0.0186165
3.59 -1.99155 0.0179037
3.62 -1.98844 0.0172245
3.65 -1.98542 0.0165774
3.68 -1.98248 0.0159604
3.71 -1.97962 0.0153718
3.74 -1.97684 0.0148101
3.77 -1.97414 0.0142739
3.8 -1.97151 0.0137618
3.83 -1.96895 0.0132725
3.86 -1.96646 0.0128047
3.89 -1.96403 0.0123574
3.92 -1.96167 0.0119295
3.95 -1.95937 0.0115201
3.98 -1.95713 0.011128
4.01 -1.95494 0.0107526
4.04 -1.95282 0.0103929
4.07 -1.95074 0.0100481
4.1 -1.94872 0.00971756
4.13 -1.94674 0.00940053
4.16 -1.94482 0.00909637
4.19 -1.94294 0.00880445
4.22 -1.9411 0.00852419
4.25 -1.93931 0.00825501
4.28 -1.93757 0.00799642
4.31 -1.93586 0.0077479
4.34 -1.93419 0.007509
4.37 -1.93256 0.00727927
4.4 -1.93097 0.00705829
4.43 -1.92942 0.00684565
4.46 -1.9279 0.006641
4.49 -1.92641 0.00644398
4.52 -1.92496 0.00625422
4.55 -1.92354 0.00607143
4.58 -1.92215 0.0058953
4.61 -1.92079 0.00572553
4.64 -1.91947 0.00556185
4.67 -1.91816 0.00540401
4.7 -1.91689 0.00525175
4.73 -1.91565 0.00510483
4.76 -1.91443 0.00496305
4.79 -1.91323 0.00482617
4.82 -1.91206 0.004694
4.85 -1.91092 0.00456634
4.88 -1.90979 0.00444301
4.91 -1.90869 0.00432384
4.94 -1.90762 0.00420864
4.97 -1.90656 0.0040973
5 -1.90553 0.00398962
5.05 -1.90385 0.00381792
5.1 -1.90222 0.00365539
5.15 -1.90065 0.00350149
5.2 -1.89912 0.00335562
5.25 -1.89765 0.00321731
5.3 -1.89622 0.00308608
5.35 -1.89483 0.00296151
5.4 -1.89348 0.00284319
5.45 -1.89218 0.00273076
5.5 -1.89091 0.00262385
5.55 -1.88969 0.00252215
5.6 -1.88849 0.00242535
5.65 -1.88733 0.00233318
5.7 -1.88621 0.00224536
5.75 -1.88512 0.00216166
5.8 -1.88405 0.00208184
5.85 -1.88302 0.00200569
5.9 -1.88201 0.001933
5.95 -1.88104 0.0018636
6 -1.88008 0.0017973
6.05 -1.87916 0.00173393
6.1 -1.87826 0.00167335
6.15 -1.87738 0.00161541
6.2 -1.87652 0.00155996
6.25 -1.87569 0.00150688
6.3 -1.87488 0.00145606
6.35 -1.87409 0.00140736
6.4 -1.87331 0.0013607
6.45 -1.87256 0.00131596
6.5 -1.87183 0.00127307
6.55 -1.87111 0.0012319
6.6 -1.87041 0.0011924
6.65 -1.86973 0.00115448
6.7 -1.86906 0.00111806
6.75 -1.86841 0.00108307
6.8 -1.86778 0.00104945
6.85 -1.86716 0.00101713
6.9 -1.86655 0.000986046
6.95 -1.86596 0.000956149
7 -1.86538 0.000927382
7.05 -1.86482 0.000899693
7.1 -1.86427 0.000873037
7.15 -1.86373 0.000847361
7.2 -1.8632 0.00082263
7.25 -1.86268 0.000798799
7.3 -1.86217 0.000775831
7.35 -1.86168 0.000753684
7.4 -1.8612 0.000732322
7.45 -1.86072 0.000711723
7.5 -1.86026 0.000691843
7.55 -1.8598 0.000672652
7.6 -1.85936 0.000654129
7.65 -1.85892 0.000636243
7.7 -1.8585 0.000618964
7.75 -1.85808 0.000602272
7.8 -1.85767 0.00058614
7.85 -1.85727 0.00057055
7.9 -1.85687 0.000555471
7.95 -1.85649 0.000540895
8 -1.85611 0.000526796
8.05 -1.85574 0.00051315
8.1 -1.85538 0.000499952
8.15 -1.85502 0.000487174
8.2 -1.85467 0.000474807
8.25 -1.85433 0.000462828
8.3 -1.85399 0.000451224
8.35 -1.85366 0.000439987
8.4 -1.85333 0.000429099
8.45 -1.85302 0.000418547
8.5 -1.8527 0.000408318
8.55 -1.8524 0.000398401
8.6 -1.8521 0.000388786
8.65 -1.8518 0.00037946
8.7 -1.85151 0.000370411
8.75 -1.85123 0.000361634
8.8 -1.85095 0.000353115
8.85 -1.85067 0.000344847
8.9 -1.8504 0.000336822
8.95 -1.85014 0.000329029
9 -1.84987 0.000321462
9.05 -1.84962 0.000314113
9.1 -1.84937 0.00030697
9.15 -1.84912 0.000300034
9.2 -1.84887 0.000293292
9.25 -1.84864 0.000286742
9.3 -1.8484 0.000280371
9.35 -1.84817 0.000274179
9.4 -1.84794 0.000268157
9.45 -1.84772 0.000262304
9.5 -1.8475 0.000256609
9.55 -1.84728 0.00025107
9.6 -1.84707 0.000245681
9.65 -1.84686 0.000240439
9.7 -1.84665 0.000235338
9.75 -1.84645 0.000230377
9.8 -1.84625 0.000225558
9.85 -1.84605 0.000220884
9.9 -1.84586 0.000216435
9.95 -1.84566 0.000212109
