0 0 0
0.0028014 4.87098e-07 0
0.00560281 1.9496e-06 0
0.00840421 4.39116e-06 0
0.0112056 7.81782e-06 0
0.014007 1.22381e-05 0
0.0168084 1.7663e-05 0
0.0196098 2.41059e-05 0
0.0224112 3.15827e-05 0
0.0252126 4.01119e-05 0
0.028014 4.97145e-05 0
0.0308154 6.04139e-05 0
0.0336168 7.22365e-05 0
0.0364182 8.5211e-05 0
0.0392197 9.9369e-05 0
0.0420211 0.000114745 0
0.0448225 0.000131375 0
0.0476239 0.0001493 0
0.0504253 0.000168563 0
0.0532267 0.00018921 0
0.0560281 0.000211289 0
0.0588295 0.000234853 0
0.0616309 0.000259956 0
0.0644323 0.000286659 0
0.0672337 0.000315022 0
0.0700351 0.000345112 0
0.0728365 0.000376998 0
0.0756379 0.000410753 0
0.0784393 0.000446455 0
0.0812407 0.000484184 0
0.0840421 0.000524026 0
0.0868435 0.000566071 0
0.0896449 0.000610413 0
0.0924463 0.000657152 0
0.0952477 0.000706391 0
0.0980491 0.00075824 0
0.100851 0.000812813 0
0.103652 0.000870232 0
0.106453 0.000930621 0
0.109255 0.000994114 0
0.112056 0.00106085 0
0.114858 0.00113097 0
0.117659 0.00120464 0
0.12046 0.001282 0
0.123262 0.00136324 0
0.126063 0.00144852 0
0.128865 0.00153803 0
0.131666 0.00163198 0
0.134467 0.00173055 0
0.137269 0.00183397 0
0.14007 0.00194247 0
0.142872 0.00205628 0
0.145673 0.00217565 0
0.148474 0.00230084 0
0.151276 0.00243215 0
0.154077 0.00256985 0
0.156879 0.00271427 0
0.15968 0.00286572 0
0.162481 0.00302456 0
0.165283 0.00319115 0
0.168084 0.00336588 0
0.170886 0.00354916 0
0.173687 0.00374143 0
0.176488 0.00394315 0
0.17929 0.00415483 0
0.182091 0.00437698 0
0.184893 0.00461018 0
0.187694 0.00485502 0
0.190495 0.00511215 0
0.193297 0.00538226 0
0.196098 0.00566609 0
0.1989 0.00596446 0
0.201701 0.00627822 0
0.204502 0.00660831 0
0.207304 0.00695575 0
0.210105 0.00732165 0
0.212907 0.00770722 0
0.215708 0.00811378 0
0.218509 0.00854279 0
0.221311 0.00899586 0
0.224112 0.00947478 0
0.226914 0.00998154 0
0.229715 0.0105184 0
0.232516 0.0110878 0
0.235318 0.0116927 0
0.238119 0.0123364 0
0.240921 0.0130225 0
0.243722 0.0137557 0
0.246524 0.0145411 0
0.249325 0.015385 0
0.252126 0.016295 0
0.254928 0.0172807 0
0.257729 0.0183541 0
0.260531 0.0195314 0
0.263332 0.0208341 0
0.266133 0.0222936 0
0.268935 0.0239584 0
0.271736 0.0259118 0
0.274538 0.0283264 0
0.277339 0.0317369 0
0.28014 0.0372826 0.00395081
0.281538 0.0375341 0.00618665
0.282935 0.037767 0.00787289
0.284332 0.0379941 0.00931451
0.285729 0.0382174 0.0106132
0.287126 0.0384377 0.0118175
0.288524 0.0386552 0.0129551
0.289921 0.0388702 0.0140432
0.291318 0.0390822 0.0150939
0.292715 0.0392914 0.0161155
0.294112 0.0394979 0.017114
0.295509 0.0397015 0.0180945
0.296907 0.0399021 0.0190607
0.298304 0.0400999 0.0200154
0.299701 0.0402944 0.0209614
0.301098 0.0404821 0.0218997
0.302495 0.0406711 0.0228332
0.303893 0.0408563 0.0237639
0.30529 0.0410371 0.0246918
0.306687 0.0412139 0.0256176
0.308084 0.0413871 0.0265427
0.309481 0.0415564 0.0274685
0.310879 0.0417215 0.0283954
0.312276 0.0418822 0.029324
0.313673 0.0420386 0.0302546
0.31507 0.0421906 0.0311878
0.316467 0.0423382 0.0321241
0.317865 0.0424813 0.0330641
0.319262 0.0426196 0.0340083
0.320659 0.0427528 0.0349568
0.322056 0.0428809 0.0359098
0.323453 0.0430039 0.0368675
0.324851 0.0431217 0.0378303
0.326248 0.0432344 0.0387984
0.327645 0.0433417 0.0397722
0.329042 0.0434432 0.0407521
0.330439 0.0435387 0.0417379
0.331836 0.0436281 0.0427298
0.333234 0.0437113 0.0437278
0.334631 0.0437884 0.0447323
0.336028 0.0438591 0.0457433
0.337425 0.0439233 0.0467612
0.338822 0.0439808 0.0477858
0.34022 0.0440315 0.0488172
0.341617 0.0440753 0.0498556
0.343014 0.044112 0.050901
0.344411 0.0441416 0.0519536
0.345808 0.0441638 0.0530134
0.347206 0.0441786 0.0540806
0.348603 0.0441858 0.0551552
0.35 0.044185 0.0562372
0.3512 0.0441779 0.0571722
0.3524 0.0441648 0.0581126
0.3536 0.0441459 0.0590584
0.3548 0.044121 0.0600096
0.356 0.0440898 0.0609666
0.3572 0.0440524 0.0619292
0.3584 0.0440084 0.0628974
0.3596 0.0439579 0.0638713
0.3608 0.0439006 0.0648508
0.362 0.0438364 0.0658357
0.3632 0.0437653 0.066826
0.3644 0.0436871 0.0678216
0.3656 0.0436022 0.0688225
0.3668 0.0435105 0.0698292
0.368 0.0434117 0.0708419
0.3692 0.0433056 0.0718601
0.3704 0.043192 0.0728836
0.3716 0.0430711 0.0739123
0.3728 0.0429427 0.0749465
0.374 0.0428064 0.0759864
0.3752 0.042662 0.0770318
0.3764 0.0425097 0.0780824
0.3776 0.0423498 0.079138
0.3788 0.0421821 0.0801989
0.38 0.0420066 0.0812651
0.3812 0.0418229 0.0823366
0.3824 0.0416309 0.0834133
0.3836 0.0414305 0.0844952
0.3848 0.0412217 0.0855823
0.386 0.0410042 0.0866746
0.3872 0.0407781 0.0877718
0.3884 0.0405432 0.0888738
0.3896 0.0402996 0.0899804
0.3908 0.0400473 0.0910919
0.392 0.0397861 0.0922083
0.3932 0.0395156 0.0933297
0.3944 0.0392359 0.094456
0.3956 0.0389469 0.0955867
0.3968 0.0386487 0.096722
0.398 0.0383411 0.0978618
0.3992 0.0380242 0.099006
0.4004 0.037698 0.100155
0.4016 0.0373623 0.101308
0.4028 0.0370168 0.102465
0.404 0.0366613 0.103626
0.4052 0.036296 0.104792
0.4064 0.035921 0.105961
0.4076 0.0355362 0.107134
0.4088 0.0351412 0.108312
0.41 0.0347361 0.109494
0.4112 0.0343209 0.110679
0.4124 0.0338956 0.111868
0.4136 0.0334599 0.11306
0.4148 0.0330136 0.114256
0.416 0.0325567 0.115455
0.4172 0.0320893 0.116658
0.4184 0.0316117 0.117864
0.4196 0.0311238 0.119073
0.4208 0.0306255 0.120285
0.422 0.0301165 0.1215
0.4232 0.0295967 0.122718
0.4244 0.0290661 0.123939
0.4256 0.0285246 0.125163
0.4268 0.0279723 0.12639
0.428 0.0274089 0.127619
0.4292 0.0268345 0.128851
0.4304 0.0262492 0.130084
0.4316 0.0256531 0.13132
0.4328 0.0250459 0.132559
0.434 0.0244275 0.133799
0.4352 0.0237978 0.135042
0.4364 0.0231566 0.136287
0.4376 0.0225039 0.137534
0.4388 0.0218398 0.138782
0.44 0.0211647 0.140032
0.4412 0.0204785 0.141283
0.4424 0.0197813 0.142536
0.4436 0.0190728 0.14379
0.4448 0.018353 0.145046
0.446 0.0176219 0.146303
0.4472 0.0168791 0.147561
0.4484 0.0161249 0.14882
0.4496 0.0153592 0.15008
0.4508 0.014582 0.151341
0.452 0.0137933 0.152602
0.4532 0.012993 0.153865
0.4544 0.0121812 0.155128
0.4556 0.011358 0.156391
0.4568 0.0105234 0.157654
0.458 0.00967768 0.158918
0.4592 0.00882078 0.160182
0.4604 0.00795203 0.161446
0.4616 0.00707128 0.162711
0.4628 0.00617852 0.163975
0.464 0.00527402 0.165239
0.4652 0.00435816 0.166502
0.4664 0.00343103 0.167765
0.4676 0.00249254 0.169028
0.4688 0.00154258 0.17029
0.47 0.000581173 0.171552
0.4712 -0.000391613 0.172812
0.4724 -0.0013758 0.174072
0.4736 -0.00237143 0.175332
0.4748 -0.00337851 0.17659
0.476 -0.00439695 0.177848
0.4772 -0.00542667 0.179104
0.4784 -0.00646764 0.180359
0.4796 -0.00751986 0.181613
0.4808 -0.00858334 0.182866
0.482 -0.00965826 0.184117
0.4832 -0.0107448 0.185367
0.4844 -0.0118429 0.186615
0.4856 -0.0129526 0.187862
0.4868 -0.0140733 0.189106
0.488 -0.0152048 0.190349
0.4892 -0.0163474 0.19159
0.4904 -0.017501 0.19283
0.4916 -0.0186657 0.194067
0.4928 -0.0198415 0.195303
0.494 -0.0210284 0.196536
0.4952 -0.0222261 0.197766
0.4964 -0.0234344 0.198994
0.4976 -0.0246536 0.200221
0.4988 -0.0258839 0.201445
0.5 -0.0271252 0.202667
0.5012 -0.0283776 0.203887
0.5024 -0.0296409 0.205104
0.5036 -0.0309152 0.206318
0.5048 -0.0321999 0.20753
0.506 -0.033495 0.208738
0.5072 -0.0348005 0.209945
0.5084 -0.0361164 0.211148
0.5096 -0.0374428 0.212349
0.5108 -0.0387796 0.213547
0.512 -0.0401271 0.214742
0.5132 -0.041485 0.215934
0.5144 -0.0428533 0.217124
0.5156 -0.0442319 0.21831
0.5168 -0.045621 0.219494
0.518 -0.0470204 0.220674
0.5192 -0.0484298 0.221851
0.5204 -0.0498492 0.223025
0.5216 -0.0512784 0.224195
0.5228 -0.0527176 0.225363
0.524 -0.0541669 0.226527
0.5252 -0.0556262 0.227688
0.5264 -0.0570955 0.228846
0.5276 -0.0585749 0.230001
0.5288 -0.0600642 0.231153
0.53 -0.0615636 0.232301
0.5312 -0.0630728 0.233446
0.5324 -0.0645918 0.234588
0.5336 -0.0661204 0.235726
0.5348 -0.0676586 0.236861
0.536 -0.0692064 0.237992
0.5372 -0.0707637 0.23912
0.5384 -0.0723306 0.240245
0.5396 -0.0739071 0.241367
0.5408 -0.0754932 0.242485
0.542 -0.0770886 0.243599
0.5432 -0.0786933 0.24471
0.5444 -0.0803074 0.245818
0.5456 -0.0819306 0.246922
0.5468 -0.0835633 0.248023
0.548 -0.0852058 0.249121
0.5492 -0.0868579 0.250215
0.5504 -0.0885195 0.251305
0.5516 -0.0901896 0.252392
0.5528 -0.0918677 0.253476
0.554 -0.0935549 0.254558
0.5552 -0.0952516 0.255635
0.5564 -0.0969579 0.256709
0.5576 -0.0986732 0.257779
0.5588 -0.100397 0.258846
0.56 -0.10213 0.25991
0.5612 -0.103872 0.260972
0.5624 -0.105624 0.262029
0.5636 -0.107384 0.263084
0.5648 -0.109152 0.264135
0.566 -0.110929 0.265183
0.5672 -0.112715 0.266228
0.5684 -0.11451 0.26727
0.5696 -0.116314 0.268309
0.5708 -0.118128 0.269345
0.572 -0.119952 0.270378
0.5732 -0.121784 0.271407
0.5744 -0.123625 0.272434
0.5756 -0.125474 0.273457
0.5768 -0.127331 0.274477
0.578 -0.129197 0.275495
0.5792 -0.131072 0.276511
0.5804 -0.132956 0.277523
0.5816 -0.134848 0.278532
0.5828 -0.136749 0.279538
0.584 -0.138659 0.280542
0.5852 -0.140577 0.281542
0.5864 -0.142504 0.28254
0.5876 -0.14444 0.283537
0.5888 -0.146386 0.284532
0.59 -0.148341 0.285523
0.5912 -0.150305 0.286512
0.5924 -0.152278 0.287499
0.5936 -0.154259 0.288482
0.5948 -0.156249 0.289463
0.596 -0.158248 0.290442
0.5972 -0.160255 0.291419
0.5984 -0.162271 0.292394
0.5996 -0.164296 0.293366
0.6008 -0.16633 0.294336
0.602 -0.168373 0.295305
0.6032 -0.170425 0.296272
0.6044 -0.172486 0.297237
0.6056 -0.174557 0.2982
0.6068 -0.176637 0.29916
0.608 -0.178725 0.300119
0.6092 -0.180823 0.301077
0.6104 -0.18293 0.302032
0.6116 -0.185046 0.302986
0.6128 -0.187171 0.303938
0.614 -0.189305 0.304889
0.6152 -0.191447 0.305839
0.6164 -0.1936 0.306787
0.6176 -0.195763 0.307735
0.6188 -0.197936 0.30868
0.62 -0.200118 0.309625
0.6212 -0.20231 0.310568
0.6224 -0.204511 0.311511
0.6236 -0.206722 0.312452
0.6248 -0.208943 0.313391
0.626 -0.211174 0.31433
0.6272 -0.213415 0.315268
0.6284 -0.215665 0.316205
0.6296 -0.217925 0.317142
0.6308 -0.220196 0.318078
0.632 -0.222475 0.319013
0.6332 -0.224765 0.319948
0.6344 -0.227066 0.320884
0.6356 -0.229379 0.321818
0.6368 -0.231704 0.322752
0.638 -0.234039 0.323685
0.6392 -0.236384 0.324617
0.6404 -0.238739 0.325549
0.6416 -0.241104 0.326481
0.6428 -0.24348 0.327414
0.644 -0.245867 0.328347
0.6452 -0.248266 0.32928
0.6464 -0.250676 0.330213
0.6476 -0.253097 0.331146
0.6488 -0.255529 0.332079
0.65 -0.257973 0.333012
0.6512 -0.260428 0.333945
0.6524 -0.262894 0.334879
0.6536 -0.265372 0.335814
0.6548 -0.267862 0.33675
0.656 -0.270365 0.337686
0.6572 -0.272881 0.338623
0.6584 -0.27541 0.339561
0.6596 -0.27795 0.340499
0.6608 -0.280503 0.341438
0.662 -0.283067 0.342379
0.6632 -0.285645 0.343322
0.6644 -0.288236 0.344264
0.6656 -0.29084 0.345207
0.6668 -0.293457 0.346151
0.668 -0.296087 0.347096
0.6692 -0.298729 0.348043
0.6704 -0.301386 0.348992
0.6716 -0.304059 0.349944
0.6728 -0.306746 0.350898
0.674 -0.309448 0.351853
0.6752 -0.312164 0.352808
0.6764 -0.314893 0.353765
0.6776 -0.317636 0.354723
0.6788 -0.320392 0.355683
0.68 -0.323163 0.356645
0.6812 -0.325949 0.357611
0.6824 -0.328751 0.358578
0.6836 -0.331568 0.359548
0.6848 -0.334401 0.36052
0.686 -0.33725 0.361494
0.6872 -0.340115 0.36247
0.6884 -0.342996 0.363449
0.6896 -0.345894 0.36443
0.6908 -0.348809 0.365415
0.692 -0.35174 0.366402
0.6932 -0.354688 0.367391
0.6944 -0.357653 0.368383
0.6956 -0.360635 0.369378
0.6968 -0.363634 0.370377
0.698 -0.366651 0.371378
0.6992 -0.369685 0.372384
0.7004 -0.37274 0.373392
0.7016 -0.375813 0.374404
0.7028 -0.378906 0.375417
0.704 -0.382018 0.376433
0.7052 -0.385148 0.377452
0.7064 -0.388298 0.378474
0.7076 -0.391466 0.379502
0.7088 -0.394656 0.380535
0.71 -0.397867 0.381573
0.7112 -0.401098 0.382612
0.7124 -0.40435 0.383654
0.7136 -0.407621 0.3847
0.7148 -0.410913 0.385749
0.716 -0.414226 0.386803
0.7172 -0.41756 0.387862
0.7184 -0.420916 0.388926
0.7196 -0.424297 0.389995
0.7208 -0.427701 0.391067
0.722 -0.431129 0.392143
0.7232 -0.43458 0.393223
0.7244 -0.438056 0.394307
0.7256 -0.441554 0.395396
0.7268 -0.445078 0.396491
0.728 -0.448626 0.397591
0.7292 -0.4522 0.398695
0.7304 -0.455799 0.399803
0.7316 -0.459422 0.400915
0.7328 -0.463072 0.402033
0.734 -0.466747 0.403156
0.7352 -0.470448 0.404285
0.7364 -0.474178 0.40542
0.7376 -0.477937 0.40656
0.7388 -0.481725 0.407705
0.74 -0.485543 0.408854
0.7412 -0.489389 0.410008
0.7424 -0.493264 0.411168
0.7436 -0.497168 0.412333
0.7448 -0.501102 0.413505
0.746 -0.505067 0.414685
0.7472 -0.509064 0.415869
0.7484 -0.513092 0.417059
0.7496 -0.517153 0.418253
0.7508 -0.521245 0.419454
0.752 -0.52537 0.42066
0.7532 -0.529528 0.421872
0.7544 -0.533719 0.423092
0.7556 -0.537946 0.424317
0.7568 -0.54221 0.425549
0.758 -0.54651 0.426786
0.7592 -0.550845 0.428029
0.7604 -0.555217 0.429279
0.7616 -0.559626 0.430536
0.7628 -0.564073 0.431798
0.764 -0.568558 0.433068
0.7652 -0.573083 0.434343
0.7664 -0.577647 0.435626
0.7676 -0.582252 0.436917
0.7688 -0.5869 0.438213
0.77 -0.591588 0.439516
0.7712 -0.596317 0.440824
0.7724 -0.601088 0.44214
0.7736 -0.605902 0.443464
0.7748 -0.610762 0.444795
0.776 -0.615669 0.446132
0.7772 -0.620622 0.447475
0.7784 -0.625621 0.448825
0.7796 -0.630668 0.450181
0.7808 -0.635762 0.451544
0.782 -0.640905 0.452917
0.7832 -0.646099 0.4543
0.7844 -0.651345 0.455688
0.7856 -0.656642 0.457081
0.7868 -0.66199 0.45848
0.788 -0.66739 0.459885
0.7892 -0.672843 0.461299
0.7904 -0.678351 0.46272
0.7916 -0.683915 0.46415
0.7928 -0.689537 0.465588
0.794 -0.695221 0.467032
0.7952 -0.700964 0.468481
0.7964 -0.706766 0.469937
0.7976 -0.71263 0.471399
0.7988 -0.718555 0.47287
0.8 -0.724543 0.474348
0.8012 -0.730597 0.475834
0.8024 -0.736719 0.477328
0.8036 -0.742907 0.478827
0.8048 -0.749164 0.480332
0.806 -0.755489 0.481842
0.8072 -0.761884 0.483359
0.8084 -0.76835 0.484883
0.8096 -0.774888 0.486415
0.8108 -0.7815 0.487954
0.812 -0.788191 0.4895
0.8132 -0.79496 0.491051
0.8144 -0.801809 0.492607
0.8156 -0.808738 0.494168
0.8168 -0.815749 0.495734
0.818 -0.822843 0.497306
0.8192 -0.830022 0.498885
0.8204 -0.837292 0.500471
0.8216 -0.844652 0.502062
0.8228 -0.852103 0.503655
0.824 -0.859645 0.505252
0.8252 -0.86728 0.506853
0.8264 -0.875011 0.508459
0.8276 -0.882839 0.510069
0.8288 -0.890767 0.511684
0.83 -0.898798 0.513303
0.8312 -0.906934 0.514924
0.8324 -0.915177 0.516546
0.8336 -0.923528 0.518169
0.8348 -0.931989 0.519794
0.836 -0.940563 0.521422
0.8372 -0.949251 0.523051
0.8384 -0.95806 0.524683
0.8396 -0.966992 0.526314
0.8408 -0.976051 0.527944
0.842 -0.985236 0.529571
0.8432 -0.994548 0.531196
0.8444 -1.00399 0.532818
0.8456 -1.01357 0.534437
0.8468 -1.02328 0.536055
0.848 -1.03314 0.53767
0.8492 -1.04314 0.539279
0.8504 -1.05329 0.540881
0.8516 -1.06359 0.542476
0.8528 -1.07405 0.544062
0.854 -1.08466 0.545639
0.8552 -1.09543 0.547207
0.8564 -1.10637 0.548766
0.8576 -1.11748 0.550314
0.8588 -1.12876 0.551847
0.86 -1.14022 0.553364
0.8612 -1.15187 0.554865
0.8624 -1.1637 0.556348
0.8636 -1.17572 0.557813
0.8648 -1.18793 0.559259
0.866 -1.20035 0.560683
0.8672 -1.21297 0.562083
0.8684 -1.22581 0.563457
0.8696 -1.23887 0.564803
0.8708 -1.25214 0.566118
0.872 -1.26564 0.5674
0.8732 -1.27938 0.568647
0.8744 -1.29336 0.569858
0.8756 -1.30758 0.571029
0.8768 -1.32206 0.572158
0.878 -1.33679 0.573239
0.8792 -1.35179 0.574272
0.8804 -1.36707 0.575254
0.8816 -1.38263 0.57618
0.8828 -1.39848 0.577047
0.884 -1.41463 0.577847
0.8852 -1.43109 0.578576
0.8864 -1.44786 0.579232
0.8876 -1.46495 0.579814
0.8888 -1.48237 0.580315
0.89 -1.50014 0.580729
0.8912 -1.51827 0.58105
0.8924 -1.53676 0.581268
0.8936 -1.55563 0.581375
0.8948 -1.57487 0.581364
0.896 -1.59451 0.581233
0.8972 -1.61455 0.580978
0.8984 -1.63501 0.58059
0.8996 -1.65592 0.580059
0.9008 -1.67727 0.579372
0.902 -1.6991 0.578511
0.9032 -1.72139 0.577458
0.9044 -1.74415 0.57621
0.9056 -1.76741 0.574772
0.9068 -1.79119 0.573132
0.908 -1.81553 0.571271
0.9092 -1.84043 0.569168
0.9104 -1.86592 0.566798
0.9116 -1.892 0.564136
0.9128 -1.91868 0.561155
0.914 -1.94598 0.557853
0.9152 -1.97392 0.554233
0.9164 -2.00253 0.550272
0.9176 -2.03186 0.54594
0.9188 -2.06192 0.541201
0.92 -2.09276 0.536005
0.9212 -2.12437 0.530296
0.9224 -2.15676 0.524037
0.9236 -2.18992 0.517255
0.9248 -2.22392 0.509948
0.926 -2.25883 0.502056
0.9272 -2.29467 0.493506
0.9284 -2.33148 0.484227
0.9296 -2.36928 0.474148
0.9308 -2.40807 0.463191
0.932 -2.44786 0.451313
0.9332 -2.48864 0.438522
0.9344 -2.53051 0.424773
0.9356 -2.57354 0.409973
0.9368 -2.61778 0.394015
0.938 -2.6633 0.37676
0.9392 -2.7101 0.35805
0.9404 -2.75816 0.337734
0.9416 -2.80738 0.315795
0.9428 -2.85787 0.292269
0.944 -2.90978 0.266979
0.9452 -2.96317 0.239661
0.9464 -3.018 0.210069
0.9476 -3.07417 0.178062
0.9488 -3.13171 0.143525
0.95 -3.19069 0.106275
0.950187 -3.20001 0.100204
0.950374 -3.20935 0.0940542
0.95056 -3.21873 0.0878286
0.950747 -3.22815 0.0815402
0.950934 -3.23761 0.0751755
0.951121 -3.24709 0.0687201
0.951307 -3.25661 0.0621862
0.951494 -3.26617 0.0555864
0.951681 -3.27576 0.048905
0.951868 -3.28538 0.0421282
0.952054 -3.29503 0.0352691
0.952241 -3.30472 0.0283409
0.952428 -3.31446 0.0213264
0.952615 -3.3242 0.0142115
0.952802 -3.33398 0.00701024
0.952988 -3.34382 -0.000263591
0.953175 -3.35369 -0.00762896
0.953362 -3.36355 -0.0150997
0.953549 -3.37342 -0.022661
0.953735 -3.3834 -0.0302987
0.953922 -3.39351 -0.0380333
0.954109 -3.40359 -0.0458786
0.954296 -3.41363 -0.0538192
0.954482 -3.42363 -0.0618396
0.954669 -3.43371 -0.0699628
0.954856 -3.44388 -0.0782025
0.955043 -3.45407 -0.0865421
0.95523 -3.46425 -0.0949656
0.955416 -3.47448 -0.103498
0.955603 -3.48476 -0.112153
0.95579 -3.49506 -0.120912
0.955977 -3.50537 -0.12976
0.956163 -3.51572 -0.138724
0.95635 -3.52611 -0.147816
0.956537 -3.53652 -0.157018
0.956724 -3.54695 -0.166313
0.95691 -3.55741 -0.175729
0.957097 -3.5679 -0.185282
0.957284 -3.57841 -0.194949
0.957471 -3.58895 -0.204714
0.957658 -3.59952 -0.214609
0.957844 -3.6101 -0.224646
0.958031 -3.62071 -0.234804
0.958218 -3.63135 -0.245065
0.958405 -3.64201 -0.255462
0.958591 -3.65269 -0.266009
0.958778 -3.66338 -0.276684
0.958965 -3.67411 -0.287467
0.959152 -3.68485 -0.298394
0.959338 -3.6956 -0.309478
0.959525 -3.70637 -0.320695
0.959712 -3.71718 -0.332027
0.959899 -3.728 -0.343511
0.960086 -3.7388 -0.355161
0.960272 -3.74962 -0.366951
0.960459 -3.76052 -0.378862
0.960646 -3.77143 -0.390933
0.960833 -3.78225 -0.403177
0.961019 -3.79297 -0.415568
0.961206 -3.80374 -0.428088
0.961393 -3.81478 -0.440779
0.96158 -3.82581 -0.45365
0.961767 -3.83676 -0.466675
0.961953 -3.84762 -0.479834
0.96214 -3.85854 -0.493174
0.962327 -3.8695 -0.506705
0.962514 -3.88044 -0.520397
0.9627 -3.89134 -0.534227
0.962887 -3.90226 -0.548251
0.963074 -3.91319 -0.562476
0.963261 -3.92411 -0.576869
0.963447 -3.935 -0.59141
0.963634 -3.9459 -0.606154
0.963821 -3.95679 -0.621107
0.964008 -3.96767 -0.636237
0.964195 -3.97852 -0.651522
0.964381 -3.98937 -0.667022
0.964568 -4.00019 -0.682741
0.964755 -4.011 -0.698645
0.964942 -4.02178 -0.714713
0.965128 -4.03255 -0.731006
0.965315 -4.04327 -0.747529
0.965502 -4.05396 -0.764248
0.965689 -4.06466 -0.781134
0.965875 -4.0753 -0.798263
0.966062 -4.08588 -0.815632
0.966249 -4.09642 -0.833202
0.966436 -4.10699 -0.850953
0.966623 -4.11748 -0.868955
0.966809 -4.12784 -0.887209
0.966996 -4.13815 -0.905677
0.967183 -4.14866 -0.924329
0.96737 -4.15915 -0.94325
0.967556 -4.16939 -0.962434
0.967743 -4.17942 -0.981835
0.96793 -4.18931 -1.00143
0.968117 -4.19933 -1.02131
0.968303 -4.20934 -1.04147
0.96849 -4.21921 -1.06185
0.968677 -4.22895 -1.08244
0.968864 -4.23866 -1.10333
0.969051 -4.2483 -1.12449
0.969237 -4.25783 -1.1459
0.969424 -4.26724 -1.16753
0.969611 -4.27657 -1.18946
0.969798 -4.2858 -1.21168
0.969984 -4.29491 -1.23416
0.970171 -4.30391 -1.25686
0.970358 -4.31279 -1.27989
0.970545 -4.32155 -1.30323
0.970731 -4.33017 -1.32682
0.970918 -4.33868 -1.35064
0.971105 -4.34704 -1.3748
0.971292 -4.35523 -1.39929
0.971479 -4.36328 -1.42404
0.971665 -4.37123 -1.44903
0.971852 -4.37897 -1.47438
0.972039 -4.38648 -1.50005
0.972226 -4.39387 -1.526
0.972412 -4.40125 -1.55221
0.972599 -4.40836 -1.57878
0.972786 -4.41509 -1.60569
0.972973 -4.42143 -1.63288
0.973159 -4.42763 -1.66034
0.973346 -4.43397 -1.68817
0.973533 -4.44007 -1.71636
0.97372 -4.4458 -1.74483
0.973907 -4.45122 -1.77358
0.974093 -4.45649 -1.80272
0.97428 -4.46151 -1.83222
0.974467 -4.46622 -1.862
0.974654 -4.47064 -1.89208
0.97484 -4.4748 -1.92255
0.975027 -4.47867 -1.9534
0.975214 -4.48222 -1.98454
0.975401 -4.48546 -2.01597
0.975587 -4.48837 -2.04781
0.975774 -4.49093 -2.08003
0.975961 -4.49316 -2.11254
0.976148 -4.49507 -2.14535
0.976335 -4.49657 -2.17859
0.976521 -4.49764 -2.2122
0.976708 -4.49837 -2.24611
0.976895 -4.49885 -2.28031
0.977082 -4.49875 -2.31495
0.977268 -4.49801 -2.34997
0.977455 -4.49665 -2.38529
0.977642 -4.49518 -2.4209
0.977829 -4.49358 -2.45695
0.978015 -4.49136 -2.49339
0.978202 -4.48845 -2.53011
0.978389 -4.48496 -2.56713
0.978576 -4.48104 -2.60459
0.978763 -4.47659 -2.64243
0.978949 -4.47151 -2.68055
0.979136 -4.46584 -2.71896
0.979323 -4.4596 -2.75781
0.97951 -4.45273 -2.79703
0.979696 -4.44522 -2.83653
0.979883 -4.43707 -2.87631
0.98007 -4.42821 -2.91653
0.980257 -4.41862 -2.95711
0.980444 -4.40836 -2.99794
0.98063 -4.39747 -3.03905
0.980817 -4.38565 -3.0806
0.981004 -4.37282 -3.12248
0.981191 -4.35904 -3.1646
0.981377 -4.34487 -3.20699
0.981564 -4.33011 -3.24982
0.981751 -4.3142 -3.29296
0.981938 -4.29718 -3.33629
0.982124 -4.2792 -3.37989
0.982311 -4.26032 -3.42393
0.982498 -4.24038 -3.46825
0.982685 -4.21934 -3.51276
0.982872 -4.1972 -3.55752
0.983058 -4.17388 -3.60269
0.983245 -4.14932 -3.64815
0.983432 -4.12357 -3.69378
0.983619 -4.09665 -3.73964
0.983805 -4.06805 -3.78596
0.983992 -4.03783 -3.83253
0.984179 -4.00611 -3.87927
0.984366 -3.97293 -3.92627
0.984552 -3.93832 -3.97381
0.984739 -3.90192 -4.02207
0.984926 -3.86289 -4.06984
0.985113 -3.82188 -4.11755
0.9853 -3.77853 -4.16711
0.985486 -3.73234 -4.2168
0.985673 -3.68353 -4.26657
0.98586 -3.63594 -4.31597
0.986047 -3.58025 -4.3696
0.986233 -3.51849 -4.42471
0.98642 -3.44375 -4.4733
0.986607 -3.36901 -4.52385
0.986794 -3.27228 -4.62104
0.98698 -3.15968 -4.66063
0.987167 -2.83666 -4.62086
0.987354 -2.80162 -4.49069
0.987433 -2.8113 -4.51755
0.987511 -2.79586 -4.50795
0.98759 -2.77734 -4.49612
0.987669 -2.75816 -4.48351
0.987747 -2.73884 -4.47147
0.987826 -2.7199 -4.45966
0.987905 -2.70113 -4.44859
0.987983 -2.68295 -4.43782
0.988062 -2.66491 -4.42772
0.988141 -2.64741 -4.41796
0.988219 -2.63009 -4.4087
0.988298 -2.61335 -4.39974
0.988377 -2.59651 -4.39123
0.988456 -2.57997 -4.38299
0.988534 -2.56599 -4.37508
0.988613 -2.54929 -4.36746
0.988692 -2.53364 -4.36009
0.98877 -2.5184 -4.35298
0.988849 -2.50331 -4.34608
0.988928 -2.4885 -4.33941
0.989006 -2.4739 -4.33295
0.989085 -2.45947 -4.32667
0.989164 -2.4452 -4.32055
0.989242 -2.43112 -4.31462
0.989321 -2.41717 -4.30882
0.9894 -2.40342 -4.30322
0.989478 -2.38977 -4.29771
0.989557 -2.3763 -4.29239
0.989636 -2.36292 -4.28714
0.989714 -2.34969 -4.28207
0.989793 -2.33656 -4.27706
0.989872 -2.32355 -4.2722
0.98995 -2.31064 -4.2674
0.990029 -2.29784 -4.26275
0.990108 -2.28513 -4.25816
0.990186 -2.27253 -4.2537
0.990265 -2.26 -4.24929
0.990344 -2.24756 -4.24501
0.990423 -2.2352 -4.24074
0.990501 -2.22293 -4.23661
0.99058 -2.21072 -4.23253
0.990659 -2.19858 -4.22853
0.990737 -2.18652 -4.22458
0.990816 -2.17451 -4.22073
0.990895 -2.16257 -4.21692
0.990973 -2.15068 -4.21319
0.991052 -2.13885 -4.2095
0.991131 -2.12706 -4.20588
0.991209 -2.11533 -4.20231
0.991288 -2.10365 -4.19879
0.991367 -2.09202 -4.19531
0.991445 -2.08042 -4.1919
0.991524 -2.06886 -4.18853
0.991603 -2.05734 -4.18521
0.991681 -2.04585 -4.18193
0.99176 -2.03442 -4.17867
0.991839 -2.02298 -4.17549
0.991917 -2.01159 -4.17233
0.991996 -2.00021 -4.16921
0.992075 -1.98887 -4.16613
0.992153 -1.97753 -4.16309
0.992232 -1.96622 -4.16008
0.992311 -1.95494 -4.15709
0.99239 -1.94369 -4.15413
0.992468 -1.93238 -4.15123
0.992547 -1.92114 -4.14832
0.992626 -1.90987 -4.14546
0.992704 -1.89868 -4.1426
0.992783 -1.88737 -4.13981
0.992862 -1.8762 -4.13699
0.99294 -1.86492 -4.13422
0.993019 -1.85371 -4.13146
0.993098 -1.84241 -4.12873
0.993176 -1.8313 -4.12598
0.993255 -1.81987 -4.12329
0.993334 -1.80877 -4.12058
0.993412 -1.79708 -4.1179
0.993491 -1.78528 -4.11519
0.99357 -1.77487 -4.11255
0.993648 -1.76302 -4.10983
0.993727 -1.75185 -4.10717
0.993806 -1.74016 -4.10444
0.993884 -1.72898 -4.10181
0.993963 -1.71722 -4.09904
0.994042 -1.70581 -4.09636
0.99412 -1.69402 -4.09355
0.994199 -1.68253 -4.09083
0.994278 -1.67055 -4.08792
0.994357 -1.65888 -4.08511
0.994435 -1.64673 -4.08206
0.994514 -1.63482 -4.07909
0.994593 -1.62235 -4.07578
0.994671 -1.61018 -4.07258
0.99475 -1.59717 -4.06878
0.994829 -1.5845 -4.0651
0.994907 -1.57037 -4.06022
0.994986 -1.55702 -4.05572
0.995065 -1.53416 -4.04287
0.995143 -1.51229 -4.02965
0.995222 -1.44081 -3.96666
0.99627 -1.25372 -3.73459
0.997318 -1.19098 -3.59887
0.998365 -1.14995 -3.49739
0.999413 -1.11563 -3.41401
1.00046 -1.08392 -3.34257
1.00151 -1.05603 -3.27863
1.00256 -1.02979 -3.22178
1.0036 -1.00391 -3.17027
1.00465 -0.979954 -3.1236
1.0057 -0.956033 -3.07985
1.00675 -0.933435 -3.03972
1.0078 -0.911536 -3.00166
1.00884 -0.890463 -2.9667
1.00989 -0.870013 -2.93365
1.01094 -0.850455 -2.90207
1.01199 -0.831425 -2.87236
1.01303 -0.812733 -2.84425
1.01408 -0.792196 -2.81768
1.01513 -0.779422 -2.79191
1.01618 -0.76177 -2.76759
1.01723 -0.744602 -2.74395
1.01827 -0.728723 -2.72164
1.01932 -0.713194 -2.70025
1.02037 -0.697829 -2.67924
1.02142 -0.683048 -2.65941
1.02246 -0.668572 -2.64028
1.02351 -0.654476 -2.62147
1.02456 -0.640672 -2.60356
1.02561 -0.62728 -2.58606
1.02666 -0.613992 -2.56935
1.0277 -0.601125 -2.55301
1.02875 -0.588528 -2.53716
1.0298 -0.577305 -2.52162
1.03085 -0.561606 -2.50674
1.03189 -0.552233 -2.49231
1.03294 -0.540187 -2.47799
1.03399 -0.528978 -2.46424
1.03504 -0.517793 -2.45074
1.03609 -0.506971 -2.43775
1.03713 -0.496209 -2.42492
1.03818 -0.485672 -2.41243
1.03923 -0.475313 -2.40011
1.04028 -0.465172 -2.38829
1.04132 -0.455183 -2.37672
1.04237 -0.445436 -2.36519
1.04342 -0.435784 -2.35411
1.04447 -0.426318 -2.34322
1.04552 -0.417134 -2.33246
1.04656 -0.407942 -2.32206
1.04761 -0.399295 -2.31171
1.04866 -0.390515 -2.30174
1.04971 -0.383853 -2.29191
1.05075 -0.372092 -2.28228
1.0518 -0.363123 -2.27257
1.05285 -0.355154 -2.26325
1.0539 -0.347312 -2.25421
1.05495 -0.33945 -2.24535
1.05599 -0.331575 -2.23659
1.05704 -0.323759 -2.22794
1.05809 -0.316044 -2.21941
1.05914 -0.308447 -2.21101
1.06018 -0.300969 -2.20276
1.06123 -0.293605 -2.19467
1.06228 -0.286342 -2.18674
1.06333 -0.279173 -2.17895
1.06438 -0.272093 -2.17129
1.06542 -0.265104 -2.16374
1.06647 -0.258208 -2.15631
1.06752 -0.251412 -2.14898
1.06857 -0.24473 -2.14175
1.06961 -0.238166 -2.13463
1.07066 -0.231698 -2.12762
1.07171 -0.225299 -2.12074
1.07276 -0.218964 -2.11398
1.07381 -0.212688 -2.10731
1.07485 -0.206475 -2.10075
1.0759 -0.200329 -2.09427
1.07695 -0.194253 -2.08788
1.078 -0.188247 -2.08157
1.07904 -0.182318 -2.07534
1.08009 -0.176472 -2.06921
1.08114 -0.170704 -2.06318
1.08219 -0.165004 -2.05724
1.08324 -0.159368 -2.05138
1.08428 -0.153792 -2.04561
1.08533 -0.148277 -2.03991
1.08638 -0.142823 -2.03429
1.08743 -0.137431 -2.02873
1.08847 -0.132102 -2.02324
1.08952 -0.126831 -2.01784
1.09057 -0.121612 -2.01251
1.09162 -0.116442 -2.00726
1.09267 -0.111319 -2.00208
1.09371 -0.106242 -1.99696
1.09476 -0.10121 -1.99192
1.09581 -0.0962238 -1.98693
1.09686 -0.0912906 -1.982
1.0979 -0.0864275 -1.97714
1.09895 -0.0816348 -1.97233
1.1 -0.0768957 -1.9676
1.1045 -0.0569586 -1.94798
1.109 -0.0377111 -1.92934
1.1135 -0.0191732 -1.91173
1.118 -0.0012709 -1.895
1.1225 0.0160947 -1.87916
1.127 0.0329844 -1.8641
1.1315 0.0492905 -1.84983
1.136 0.0652328 -1.83627
1.1405 0.0807976 -1.8234
1.145 0.0960285 -1.81117
1.1495 0.110963 -1.79956
1.154 0.125698 -1.78854
1.1585 0.140083 -1.77806
1.163 0.15433 -1.76812
1.1675 0.168426 -1.75866
1.172 0.182384 -1.74968
1.1765 0.196241 -1.74115
1.181 0.21002 -1.73305
1.1855 0.223731 -1.72534
1.19 0.237456 -1.71803
1.1945 0.251171 -1.71108
1.199 0.264914 -1.7045
1.2035 0.278747 -1.69833
1.208 0.292772 -1.69247
1.2125 0.306986 -1.68681
1.217 0.321454 -1.68134
1.2215 0.336166 -1.67597
1.226 0.351033 -1.67069
1.2305 0.366148 -1.66545
1.235 0.381493 -1.6602
1.2395 0.397067 -1.65494
1.244 0.412867 -1.64959
1.2485 0.428922 -1.64417
1.253 0.445144 -1.63858
1.2575 0.461691 -1.63283
1.262 0.478432 -1.62685
1.2665 0.495367 -1.62064
1.271 0.512565 -1.61408
1.2755 0.529962 -1.60722
1.28 0.54758 -1.59994
1.2845 0.565366 -1.59215
1.289 0.584254 -1.58402
1.2935 0.598347 -1.57546
1.298 0.620824 -1.56431
1.3025 0.637027 -1.55532
1.307 0.655538 -1.54183
1.3115 0.672273 -1.5301
1.316 0.688516 -1.51738
1.3205 0.704095 -1.50422
1.325 0.718935 -1.49075
1.3295 0.733597 -1.47709
1.334 0.747164 -1.46325
1.3385 0.760348 -1.44927
1.343 0.772979 -1.4352
1.3475 0.785089 -1.4211
1.352 0.796707 -1.40695
1.3565 0.807843 -1.39278
1.361 0.818523 -1.37863
1.3655 0.828775 -1.3645
1.37 0.838583 -1.35041
1.3745 0.847999 -1.33637
1.379 0.857024 -1.3224
1.3835 0.865674 -1.3085
1.388 0.873965 -1.29467
1.3925 0.881911 -1.28094
1.397 0.889522 -1.26729
1.4015 0.896812 -1.25375
1.406 0.903769 -1.24031
1.4105 0.910489 -1.22697
1.415 0.916894 -1.21374
1.4195 0.923022 -1.20064
1.424 0.928891 -1.18764
1.4285 0.934504 -1.17476
1.433 0.939868 -1.162
1.4375 0.945009 -1.14936
1.442 0.949906 -1.13684
1.4465 0.954581 -1.12445
1.451 0.95905 -1.11218
1.4555 0.963316 -1.10003
1.46 0.967385 -1.088
1.4645 0.971262 -1.07611
1.469 0.974955 -1.06433
1.4735 0.978471 -1.05267
1.478 0.981809 -1.04114
1.4825 0.984971 -1.02973
1.487 0.987997 -1.01844
1.4915 0.990857 -1.00727
1.496 0.993566 -0.996229
1.5005 0.996128 -0.985303
1.505 0.99855 -0.974497
1.5095 1.00083 -0.963807
1.514 1.00299 -0.953238
1.5185 1.005 -0.942781
1.523 1.00689 -0.932449
1.5275 1.0087 -0.922218
1.532 1.01036 -0.912113
1.5365 1.01191 -0.902112
1.541 1.01336 -0.89223
1.5455 1.01469 -0.882454
1.55 1.01593 -0.87279
1.5545 1.01706 -0.863231
1.559 1.01807 -0.853785
1.5635 1.01905 -0.844442
1.568 1.0199 -0.835208
1.5725 1.02067 -0.826076
1.577 1.02135 -0.817047
1.5815 1.02195 -0.808123
1.586 1.02247 -0.799297
1.5905 1.02292 -0.790575
1.595 1.02327 -0.781948
1.5995 1.02358 -0.773425
1.604 1.02381 -0.764993
1.6085 1.02396 -0.756663
1.613 1.02405 -0.748423
1.6175 1.02407 -0.740282
1.622 1.02403 -0.732229
1.6265 1.02393 -0.724275
1.631 1.02377 -0.716405
1.6355 1.02355 -0.708631
1.64 1.02329 -0.700942
1.6445 1.02296 -0.693345
1.649 1.02258 -0.685832
1.6535 1.02216 -0.678409
1.658 1.02168 -0.671068
1.6625 1.02116 -0.663812
1.667 1.02059 -0.656642
1.6715 1.01996 -0.64955
1.676 1.01931 -0.642545
1.6805 1.01862 -0.635617
1.685 1.01788 -0.628772
1.6895 1.0171 -0.622002
1.694 1.01628 -0.615314
1.6985 1.01543 -0.608699
1.703 1.01454 -0.602166
1.7075 1.01361 -0.595702
1.712 1.01265 -0.589318
1.7165 1.01168 -0.583004
1.721 1.01065 -0.576767
1.7255 1.0096 -0.570597
1.73 1.00853 -0.564503
1.7345 1.00742 -0.558476
1.739 1.00629 -0.552521
1.7435 1.00513 -0.546635
1.748 1.00393 -0.540816
1.7525 1.00273 -0.535064
1.757 1.0015 -0.529379
1.7615 1.00024 -0.523761
1.766 0.998963 -0.518205
1.7705 0.997665 -0.512718
1.775 0.996344 -0.507289
1.7795 0.995012 -0.501926
1.784 0.99365 -0.496623
1.7885 0.992269 -0.491385
1.793 0.990879 -0.486203
1.7975 0.989467 -0.481086
1.802 0.988041 -0.476023
1.8065 0.986601 -0.471023
1.811 0.985141 -0.466077
1.8155 0.983669 -0.461192
1.82 0.982191 -0.456361
1.8245 0.980693 -0.451587
1.829 0.979183 -0.446867
1.8335 0.977662 -0.442202
1.838 0.976129 -0.437592
1.8425 0.974585 -0.433033
1.847 0.973036 -0.428529
1.8515 0.971466 -0.424074
1.856 0.96989 -0.419674
1.8605 0.96831 -0.415322
1.865 0.966719 -0.411023
1.8695 0.96512 -0.40677
1.874 0.963516 -0.40257
1.8785 0.9619 -0.398415
1.883 0.960276 -0.39431
1.8875 0.958659 -0.39025
1.892 0.957024 -0.38624
1.8965 0.955387 -0.382273
1.901 0.953745 -0.378353
1.9055 0.952097 -0.374478
1.91 0.950445 -0.370648
1.9145 0.948794 -0.366861
1.919 0.94713 -0.363118
1.9235 0.945467 -0.359418
1.928 0.943801 -0.355759
1.9325 0.942132 -0.352144
1.937 0.94046 -0.348569
1.9415 0.938792 -0.345037
1.946 0.937111 -0.341542
1.9505 0.935432 -0.33809
1.955 0.933754 -0.334675
1.9595 0.932074 -0.331302
1.964 0.930393 -0.327965
1.9685 0.928713 -0.324668
1.973 0.927032 -0.321407
1.9775 0.925347 -0.318184
1.982 0.923666 -0.314996
1.9865 0.921984 -0.311847
1.991 0.920303 -0.308732
1.9955 0.918622 -0.305652
2 0.916946 -0.302609
2.03 0.905785 -0.283175
2.06 0.894722 -0.265159
2.09 0.8838 -0.248449
2.12 0.873052 -0.232944
2.15 0.862506 -0.218548
2.18 0.852181 -0.205177
2.21 0.842092 -0.192751
2.24 0.832253 -0.181196
2.27 0.82267 -0.170447
2.3 0.813349 -0.16044
2.33 0.804293 -0.151119
2.36 0.795502 -0.142432
2.39 0.786975 -0.134331
2.42 0.77871 -0.126772
2.45 0.770703 -0.119714
2.48 0.762949 -0.11312
2.51 0.755444 -0.106956
2.54 0.748182 -0.10119
2.57 0.741157 -0.0957929
2.6 0.734362 -0.0907382
2.63 0.72779 -0.0860008
2.66 0.721436 -0.0815587
2.69 0.715292 -0.0773908
2.72 0.709351 -0.0734776
2.75 0.703608 -0.0698013
2.78 0.698054 -0.0663458
2.81 0.692683 -0.0630954
2.84 0.68749 -0.0600368
2.87 0.682467 -0.0571564
2.9 0.677609 -0.0544428
2.93 0.672909 -0.0518846
2.96 0.668362 -0.0494713
2.99 0.663962 -0.0471937
3.02 0.659703 -0.0450432
3.05 0.655581 -0.0430113
3.08 0.651591 -0.0410903
3.11 0.647726 -0.0392735
3.14 0.643983 -0.0375542
3.17 0.640357 -0.0359265
3.2 0.636844 -0.0343844
3.23 0.633439 -0.0329228
3.26 0.630139 -0.031537
3.29 0.626939 -0.0302222
3.32 0.623836 -0.0289743
3.35 0.620826 -0.0277892
3.38 0.617906 -0.0266634
3.41 0.615073 -0.0255932
3.44 0.612323 -0.0245756
3.47 0.609653 -0.0236075
3.5 0.60706 -0.022686
3.53 0.604542 -0.0218085
3.56 0.602096 -0.0209727
3.59 0.599719 -0.0201761
3.62 0.597409 -0.0194166
3.65 0.595163 -0.0186923
3.68 0.59298 -0.018001
3.71 0.590857 -0.0173411
3.74 0.588791 -0.016711
3.77 0.586781 -0.016109
3.8 0.584826 -0.0155337
3.83 0.582922 -0.0149837
3.86 0.581069 -0.0144576
3.89 0.579265 -0.0139543
3.92 0.577507 -0.0134725
3.95 0.575795 -0.0130113
3.98 0.574127 -0.0125695
4.01 0.572501 -0.0121462
4.04 0.570917 -0.0117404
4.07 0.569372 -0.0113514
4.1 0.567866 -0.0109784
4.13 0.566397 -0.0106204
4.16 0.564963 -0.0102768
4.19 0.563565 -0.00994699
4.22 0.562201 -0.00963027
4.25 0.560869 -0.00932597
4.28 0.559569 -0.00903359
4.31 0.5583 -0.00875252
4.34 0.55706 -0.00848227
4.37 0.55585 -0.00822236
4.4 0.554667 -0.00797227
4.43 0.553511 -0.00773162
4.46 0.552382 -0.00749996
4.49 0.551279 -0.00727691
4.52 0.5502 -0.00706205
4.55 0.549145 -0.00685506
4.58 0.548114 -0.00665559
4.61 0.547105 -0.00646331
4.64 0.546118 -0.0062779
4.67 0.545153 -0.00609913
4.7 0.544208 -0.00592663
4.73 0.543284 -0.00576019
4.76 0.542379 -0.00559957
4.79 0.541494 -0.00544448
4.82 0.540627 -0.00529473
4.85 0.539777 -0.00515009
4.88 0.538946 -0.00501036
4.91 0.538132 -0.00487534
4.94 0.537334 -0.00474483
4.97 0.536552 -0.00461867
5 0.535786 -0.00449667
5.05 0.534544 -0.00430215
5.1 0.533341 -0.00411803
5.15 0.532178 -0.00394369
5.2 0.531053 -0.00377847
5.25 0.529962 -0.00362182
5.3 0.528907 -0.00347321
5.35 0.527883 -0.00333217
5.4 0.526892 -0.00319822
5.45 0.52593 -0.00307094
5.5 0.524998 -0.00294994
5.55 0.524093 -0.00283486
5.6 0.523215 -0.00272534
5.65 0.522363 -0.00262107
5.7 0.521535 -0.00252175
5.75 0.520731 -0.0024271
5.8 0.51995 -0.00233685
5.85 0.519191 -0.00225078
5.9 0.518453 -0.00216864
5.95 0.517735 -0.00209022
6 0.517037 -0.00201532
6.05 0.516358 -0.00194376
6.1 0.515697 -0.00187535
6.15 0.515054 -0.00180994
6.2 0.514428 -0.00174736
6.25 0.513818 -0.00168747
6.3 0.513223 -0.00163012
6.35 0.512645 -0.00157521
6.4 0.51208 -0.00152259
6.45 0.51153 -0.00147215
6.5 0.510994 -0.0014238
6.55 0.510471 -0.00137742
6.6 0.509962 -0.00133292
6.65 0.509464 -0.00129021
6.7 0.508978 -0.0012492
6.75 0.508505 -0.00120981
6.8 0.508042 -0.00117197
6.85 0.50759 -0.0011356
6.9 0.507149 -0.00110063
6.95 0.506719 -0.00106701
7 0.506298 -0.00103466
7.05 0.505886 -0.00100354
7.1 0.505484 -0.000973575
7.15 0.505092 -0.000944728
7.2 0.504708 -0.000916947
7.25 0.504332 -0.000890181
7.3 0.503965 -0.000864392
7.35 0.503605 -0.000839528
7.4 0.503254 -0.000815557
7.45 0.50291 -0.00079244
7.5 0.502573 -0.00077014
7.55 0.502244 -0.000748617
7.6 0.501922 -0.000727848
7.65 0.501606 -0.000707794
7.7 0.501297 -0.000688429
7.75 0.500994 -0.000669727
7.8 0.500697 -0.000651655
7.85 0.500407 -0.000634192
7.9 0.500122 -0.00061731
7.95 0.499843 -0.00060099
8 0.499569 -0.000585208
8.05 0.499301 -0.000569941
8.1 0.499039 -0.000555174
8.15 0.498781 -0.00054088
8.2 0.498528 -0.00052705
8.25 0.49828 -0.000513656
8.3 0.498037 -0.000500686
8.35 0.497799 -0.000488128
8.4 0.497565 -0.000475962
8.45 0.497336 -0.000464172
8.5 0.49711 -0.000452749
8.55 0.496889 -0.000441675
8.6 0.496672 -0.000430939
8.65 0.496459 -0.000420529
8.7 0.49625 -0.000410432
8.75 0.496044 -0.000400636
8.8 0.495843 -0.000391134
8.85 0.495645 -0.000381913
8.9 0.49545 -0.000372963
8.95 0.495259 -0.000364275
9 0.495071 -0.000355841
9.05 0.494886 -0.00034765
9.1 0.494705 -0.000339692
9.15 0.494527 -0.000331965
9.2 0.494352 -0.000324455
9.25 0.494179 -0.000317161
9.3 0.49401 -0.00031007
9.35 0.493844 -0.000303175
9.4 0.49368 -0.000296474
9.45 0.493519 -0.00028996
9.5 0.493361 -0.000283626
9.55 0.493205 -0.000277465
9.6 0.493052 -0.000271473
9.65 0.492901 -0.000265646
9.7 0.492753 -0.000259979
9.75 0.492607 -0.000254471
9.8 0.492463 -0.000249122
9.85 0.492322 -0.000243945
9.9 0.492183 -0.000239059
9.95 0.492046 -0.000234311
