0 0 -0
0.0028014 4.92262e-07 0
0.00560281 1.97026e-06 0
0.00840421 4.43764e-06 0
0.0112056 7.90048e-06 0
0.014007 1.23673e-05 0
0.0168084 1.78491e-05 0
0.0196098 2.43592e-05 0
0.0224112 3.19137e-05 0
0.0252126 4.05311e-05 0
0.028014 5.02322e-05 0
0.0308154 6.10408e-05 0
0.0336168 7.29829e-05 0
0.0364182 8.60876e-05 0
0.0392197 0.000100386 0
0.0420211 0.000115913 0
0.0448225 0.000132706 0
0.0476239 0.000150804 0
0.0504253 0.000170251 0
0.0532267 0.000191092 0
0.0560281 0.000213376 0
0.0588295 0.000237156 0
0.0616309 0.000262488 0
0.0644323 0.000289429 0
0.0672337 0.000318042 0
0.0700351 0.000348393 0
0.0728365 0.000380552 0
0.0756379 0.000414591 0
0.0784393 0.000450588 0
0.0812407 0.000488625 0
0.0840421 0.000528786 0
0.0868435 0.000571162 0
0.0896449 0.000615848 0
0.0924463 0.000662942 0
0.0952477 0.000712548 0
0.0980491 0.000764777 0
0.100851 0.000819743 0
0.103652 0.000877567 0
0.106453 0.000938374 0
0.109255 0.0010023 0
0.112056 0.00106948 0
0.114858 0.00114006 0
0.117659 0.00121419 0
0.12046 0.00129204 0
0.123262 0.00137378 0
0.126063 0.00145957 0
0.128865 0.00154962 0
0.131666 0.0016441 0
0.134467 0.00174323 0
0.137269 0.00184722 0
0.14007 0.00195631 0
0.142872 0.00207072 0
0.145673 0.00219071 0
0.148474 0.00231654 0
0.151276 0.0024485 0
0.154077 0.00258687 0
0.156879 0.00273197 0
0.15968 0.00288413 0
0.162481 0.00304368 0
0.165283 0.00321101 0
0.168084 0.0033865 0
0.170886 0.00357056 0
0.173687 0.00376362 0
0.176488 0.00396617 0
0.17929 0.00417868 0
0.182091 0.00440169 0
0.184893 0.00463577 0
0.187694 0.00488151 0
0.190495 0.00513957 0
0.193297 0.00541063 0
0.196098 0.00569544 0
0.1989 0.0059948 0
0.201701 0.00630959 0
0.204502 0.00664074 0
0.207304 0.00698926 0
0.210105 0.00735627 0
0.212907 0.00774297 0
0.215708 0.00815071 0
0.218509 0.00858092 0
0.221311 0.00903524 0
0.224112 0.00951543 0
0.226914 0.0100235 0
0.229715 0.0105617 0
0.232516 0.0111325 0
0.235318 0.0117389 0
0.238119 0.012384 0
0.240921 0.0130718 0
0.243722 0.0138065 0
0.246524 0.0145935 0
0.249325 0.0154391 0
0.252126 0.016351 0
0.254928 0.0173385 0
0.257729 0.018414 0
0.260531 0.0195933 0
0.263332 0.0208982 0
0.266133 0.0223601 0
0.268935 0.0240274 0
0.271736 0.0259836 0
0.274538 0.0284015 0
0.277339 0.0318161 0
0.28014 0.0373694 0.00395427
0.281538 0.0376204 0.00619217
0.282935 0.0378541 0.00787986
0.284332 0.0380817 0.0093228
0.285729 0.0383058 0.0106226
0.287126 0.0385269 0.011828
0.288524 0.0387452 0.0129665
0.289921 0.0389605 0.0140557
0.291318 0.0391736 0.0151072
0.292715 0.0393838 0.0161297
0.294112 0.039591 0.0171291
0.295509 0.0397952 0.0181105
0.296907 0.0399965 0.0190775
0.298304 0.0401945 0.020033
0.299701 0.0403884 0.0209795
0.301098 0.0405855 0.0219199
0.302495 0.0407722 0.0228547
0.303893 0.0409562 0.0237849
0.30529 0.0411374 0.0247128
0.306687 0.041315 0.02564
0.308084 0.0414884 0.026567
0.309481 0.0416578 0.0274935
0.310879 0.0418237 0.0284206
0.312276 0.0419861 0.0293495
0.313673 0.0421447 0.0302813
0.31507 0.042298 0.031216
0.316467 0.042446 0.0321533
0.317865 0.0425896 0.0330938
0.319262 0.0427286 0.0340384
0.320659 0.0428627 0.0349878
0.322056 0.0429916 0.0359419
0.323453 0.0431154 0.0369005
0.324851 0.0432341 0.0378641
0.326248 0.0433477 0.0388332
0.327645 0.0434558 0.039808
0.329042 0.0435579 0.0407888
0.330439 0.043654 0.0417754
0.331836 0.0437441 0.0427679
0.333234 0.0438282 0.0437667
0.334631 0.0439062 0.0447723
0.336028 0.0439776 0.0457846
0.337425 0.0440426 0.0468033
0.338822 0.0441013 0.0478285
0.34022 0.0441538 0.0488606
0.341617 0.0441988 0.0499003
0.343014 0.0442356 0.050947
0.344411 0.0442653 0.0520004
0.345808 0.0442879 0.0530609
0.347206 0.0443035 0.0541289
0.348603 0.0443117 0.0552047
0.35 0.0443117 0.0562877
0.353187 0.0442819 0.0587846
0.356374 0.0442083 0.0613213
0.35956 0.0440908 0.0638964
0.362747 0.0439264 0.066511
0.365934 0.0437135 0.0691647
0.369121 0.0434504 0.0718574
0.372307 0.0431356 0.0745887
0.375494 0.0427673 0.0773581
0.378681 0.0423431 0.0801655
0.381868 0.0418628 0.0830101
0.385054 0.0413233 0.085891
0.388241 0.0407236 0.0888076
0.391428 0.040062 0.0917589
0.394615 0.0393382 0.0947435
0.397802 0.0385452 0.0977619
0.400988 0.0376887 0.100811
0.404175 0.0367649 0.10389
0.407362 0.0357713 0.106999
0.410549 0.0347073 0.110135
0.413735 0.0335715 0.113298
0.416922 0.0323645 0.116485
0.420109 0.0310776 0.119696
0.423296 0.0297197 0.122928
0.426482 0.028286 0.12618
0.429669 0.0267751 0.129451
0.432856 0.0251862 0.132739
0.436043 0.0235197 0.136041
0.43923 0.021771 0.139357
0.442416 0.0199441 0.142684
0.445603 0.0180395 0.146022
0.44879 0.0160526 0.149366
0.451977 0.0139848 0.152719
0.455163 0.011837 0.156074
0.45835 0.00960403 0.159434
0.461537 0.00729212 0.162793
0.464724 0.00490349 0.166154
0.46791 0.00243004 0.169511
0.471097 -0.000124667 0.172865
0.474284 -0.00276056 0.176214
0.477471 -0.00547462 0.179554
0.480658 -0.00827548 0.182888
0.483844 -0.0111542 0.186209
0.487031 -0.0141034 0.189523
0.490218 -0.0171381 0.192821
0.493405 -0.0202499 0.196108
0.496591 -0.0234389 0.199377
0.499778 -0.0267055 0.202631
0.502965 -0.0300533 0.205869
0.506152 -0.0334665 0.209088
0.509338 -0.0369589 0.212289
0.512525 -0.0405272 0.215467
0.515712 -0.0441678 0.218628
0.518899 -0.0478796 0.221763
0.522086 -0.0516692 0.224883
0.525272 -0.0555168 0.227973
0.528459 -0.0594365 0.231047
0.531646 -0.0634381 0.234092
0.534833 -0.0675005 0.237119
0.538019 -0.0716325 0.240117
0.541206 -0.0758319 0.243095
0.544393 -0.080095 0.246046
0.54758 -0.0844171 0.248975
0.550767 -0.0888264 0.251879
0.553953 -0.0932863 0.25476
0.55714 -0.0978102 0.257619
0.560327 -0.102398 0.260451
0.563514 -0.107051 0.263265
0.5667 -0.111755 0.266048
0.569887 -0.116546 0.26882
0.573074 -0.121394 0.27156
0.576261 -0.126288 0.274288
0.579447 -0.131252 0.276989
0.582634 -0.136277 0.279673
0.585821 -0.141363 0.282336
0.589008 -0.146512 0.284983
0.592195 -0.15174 0.287612
0.595381 -0.157004 0.290223
0.598568 -0.162338 0.292822
0.601755 -0.16774 0.295399
0.604942 -0.173204 0.297968
0.608128 -0.178728 0.300518
0.611315 -0.184334 0.303065
0.614502 -0.18999 0.30559
0.617689 -0.195699 0.308116
0.620875 -0.201496 0.310622
0.624062 -0.207354 0.313131
0.627249 -0.213282 0.315623
0.630436 -0.219285 0.318117
0.633623 -0.225367 0.320603
0.636809 -0.231492 0.323085
0.639996 -0.237709 0.325568
0.643183 -0.244006 0.328045
0.64637 -0.250379 0.330528
0.649556 -0.25683 0.333006
0.652743 -0.263377 0.335495
0.65593 -0.269986 0.337976
0.659117 -0.276674 0.340474
0.662303 -0.283471 0.34297
0.66549 -0.290351 0.34548
0.668677 -0.297326 0.347992
0.671864 -0.3044 0.350521
0.675051 -0.311573 0.353055
0.678237 -0.31882 0.355606
0.681424 -0.3262 0.358169
0.684611 -0.333683 0.360747
0.687798 -0.341276 0.363343
0.690984 -0.348981 0.365953
0.694171 -0.356823 0.36859
0.697358 -0.364758 0.371236
0.700545 -0.372818 0.373917
0.703731 -0.38103 0.376607
0.706918 -0.389369 0.379331
0.710105 -0.397846 0.382073
0.713292 -0.406478 0.384852
0.716479 -0.415257 0.387649
0.719665 -0.424172 0.390482
0.722852 -0.433265 0.39334
0.726039 -0.442522 0.396234
0.729226 -0.451951 0.399159
0.732412 -0.461556 0.402119
0.735599 -0.471369 0.405117
0.738786 -0.481357 0.408145
0.741973 -0.491542 0.41122
0.745159 -0.501943 0.414325
0.748346 -0.512562 0.417479
0.751533 -0.523402 0.420667
0.75472 -0.534478 0.423902
0.757907 -0.545804 0.427179
0.761093 -0.557382 0.430503
0.76428 -0.569228 0.43387
0.767467 -0.58135 0.437284
0.770654 -0.593769 0.440745
0.77384 -0.606464 0.444253
0.777027 -0.619489 0.447813
0.780214 -0.632843 0.451422
0.783401 -0.646539 0.455076
0.786587 -0.660594 0.458784
0.789774 -0.675024 0.462542
0.792961 -0.689844 0.466351
0.796148 -0.705078 0.470208
0.799335 -0.720741 0.474117
0.802521 -0.736854 0.478073
0.805708 -0.75344 0.48208
0.808895 -0.770529 0.486132
0.812082 -0.788134 0.49023
0.815268 -0.806289 0.494371
0.818455 -0.825021 0.498552
0.821642 -0.844372 0.502774
0.824829 -0.864338 0.507025
0.828016 -0.884987 0.511314
0.831202 -0.906355 0.515615
0.834389 -0.928478 0.519949
0.837576 -0.951376 0.524279
0.840763 -0.975119 0.528627
0.843949 -0.999774 0.532952
0.847136 -1.02536 0.537275
0.850323 -1.05194 0.541549
0.85351 -1.07956 0.545792
0.856696 -1.10837 0.549959
0.859883 -1.13835 0.554042
0.86307 -1.16962 0.558022
0.866257 -1.20221 0.561844
0.869444 -1.23633 0.565525
0.87263 -1.27201 0.568953
0.875817 -1.30933 0.572183
0.879004 -1.34841 0.57504
0.882191 -1.38945 0.577608
0.885377 -1.43264 0.579656
0.888564 -1.47798 0.581273
0.891751 -1.5257 0.582188
0.894938 -1.57597 0.582457
0.898124 -1.62922 0.581798
0.901311 -1.68542 0.58016
0.904498 -1.74503 0.577307
0.907685 -1.80787 0.572987
0.910872 -1.87484 0.567057
0.914058 -1.94598 0.558967
0.917245 -2.02198 0.548674
0.920432 -2.10292 0.53526
0.923619 -2.18926 0.51874
0.926805 -2.2814 0.497745
0.929992 -2.38016 0.472224
0.933179 -2.48628 0.44031
0.936366 -2.60002 0.401603
0.939552 -2.72263 0.353723
0.942739 -2.85364 0.295414
0.945926 -2.99466 0.223735
0.949113 -3.1449 0.135884
0.9523 -3.30555 0.0279228
0.955486 -3.47598 -0.104934
0.958673 -3.65428 -0.269335
0.96186 -3.84008 -0.471084
0.965047 -4.02382 -0.724173
0.968233 -4.20431 -1.03041
0.97142 -4.35786 -1.41991
0.974607 -4.46388 -1.87774
0.977794 -4.50085 -2.47582
0.98098 -4.35553 -3.05913
0.984167 -3.99987 -3.98896
0.987354 -2.85408 -4.37588
0.987433 -2.85321 -4.40726
0.987511 -2.8327 -4.40763
0.98759 -2.8104 -4.40255
0.987669 -2.7884 -4.39572
0.987747 -2.76704 -4.3884
0.987826 -2.74631 -4.38102
0.987905 -2.72629 -4.3736
0.987983 -2.7068 -4.36635
0.988062 -2.68798 -4.35915
0.988141 -2.66952 -4.3522
0.988219 -2.65164 -4.34537
0.988298 -2.63392 -4.33877
0.988377 -2.61692 -4.33226
0.988456 -2.59941 -4.32598
0.988534 -2.58393 -4.31979
0.988613 -2.56838 -4.31387
0.988692 -2.55201 -4.30798
0.98877 -2.53661 -4.30233
0.988849 -2.52108 -4.29672
0.988928 -2.50611 -4.29135
0.989006 -2.49109 -4.28599
0.989085 -2.4765 -4.28086
0.989164 -2.46197 -4.27576
0.989242 -2.44769 -4.27083
0.989321 -2.43353 -4.26595
0.9894 -2.41959 -4.26123
0.989478 -2.40575 -4.25654
0.989557 -2.3921 -4.25201
0.989636 -2.37857 -4.24752
0.989714 -2.36519 -4.24316
0.989793 -2.3519 -4.23882
0.989872 -2.33877 -4.23462
0.98995 -2.32572 -4.23044
0.990029 -2.31281 -4.2264
0.990108 -2.29998 -4.22236
0.990186 -2.28727 -4.21847
0.990265 -2.27463 -4.21456
0.990344 -2.2621 -4.21081
0.990423 -2.24964 -4.20703
0.990501 -2.23727 -4.20336
0.99058 -2.22498 -4.19971
0.990659 -2.21276 -4.19615
0.990737 -2.20062 -4.1926
0.990816 -2.18853 -4.18916
0.990895 -2.17652 -4.18572
0.990973 -2.16457 -4.18237
0.991052 -2.15268 -4.17902
0.991131 -2.14083 -4.17576
0.991209 -2.12904 -4.17252
0.991288 -2.1173 -4.16933
0.991367 -2.10561 -4.16617
0.991445 -2.09396 -4.16305
0.991524 -2.08236 -4.15997
0.991603 -2.07078 -4.15695
0.991681 -2.05925 -4.15394
0.99176 -2.04775 -4.15097
0.991839 -2.03629 -4.14804
0.991917 -2.02485 -4.14513
0.991996 -2.01346 -4.14225
0.992075 -2.00206 -4.13941
0.992153 -1.99069 -4.1366
0.992232 -1.97939 -4.13378
0.992311 -1.96804 -4.13103
0.99239 -1.95676 -4.12828
0.992468 -1.94544 -4.12557
0.992547 -1.93421 -4.12285
0.992626 -1.92289 -4.12019
0.992704 -1.91165 -4.11753
0.992783 -1.90034 -4.1149
0.992862 -1.88918 -4.11225
0.99294 -1.87776 -4.10969
0.993019 -1.86678 -4.10703
0.993098 -1.85519 -4.10451
0.993176 -1.84443 -4.10188
0.993255 -1.83268 -4.09936
0.993334 -1.82287 -4.09675
0.993412 -1.80889 -4.09425
0.993491 -1.79684 -4.09163
0.99357 -1.78734 -4.08914
0.993648 -1.7751 -4.0865
0.993727 -1.76425 -4.08398
0.993806 -1.75251 -4.08135
0.993884 -1.74132 -4.07881
0.993963 -1.72941 -4.0761
0.994042 -1.71814 -4.07354
0.99412 -1.7061 -4.07073
0.994199 -1.69479 -4.06815
0.994278 -1.68253 -4.06519
0.994357 -1.67102 -4.06251
0.994435 -1.65857 -4.05936
0.994514 -1.64683 -4.05652
0.994593 -1.63402 -4.05305
0.994671 -1.62205 -4.04997
0.99475 -1.60854 -4.04586
0.994829 -1.59611 -4.04233
0.994907 -1.58114 -4.0368
0.994986 -1.57023 -4.0342
0.995065 -1.54392 -4.01842
0.995143 -1.52879 -4.01122
0.995222 -1.45514 -3.94634
0.99627 -1.26991 -3.71913
0.997318 -1.20649 -3.58647
0.998365 -1.16479 -3.48533
0.999413 -1.13033 -3.40263
1.00046 -1.09884 -3.33203
1.00151 -1.07138 -3.26921
1.00256 -1.04793 -3.21411
1.0036 -1.01749 -3.16309
1.00465 -0.992041 -3.11642
1.0057 -0.968351 -3.07385
1.00675 -0.945329 -3.03413
1.0078 -0.923127 -2.99682
1.00884 -0.901798 -2.96187
1.00989 -0.880985 -2.92952
1.01094 -0.861045 -2.89844
1.01199 -0.841917 -2.86894
1.01303 -0.822197 -2.84149
1.01408 -0.803552 -2.81481
1.01513 -0.787693 -2.78939
1.01618 -0.770566 -2.76532
1.01723 -0.753794 -2.74222
1.01827 -0.737305 -2.71989
1.01932 -0.721349 -2.69839
1.02037 -0.706023 -2.67806
1.02142 -0.690918 -2.65814
1.02246 -0.676231 -2.6389
1.02351 -0.661849 -2.62067
1.02456 -0.647867 -2.6027
1.02561 -0.634264 -2.58529
1.02666 -0.620849 -2.56859
1.0277 -0.607733 -2.55237
1.02875 -0.595169 -2.53651
1.0298 -0.583569 -2.52109
1.03085 -0.570126 -2.50636
1.03189 -0.557648 -2.49176
1.03294 -0.545824 -2.47754
1.03399 -0.53474 -2.46399
1.03504 -0.523312 -2.45048
1.03609 -0.51218 -2.43733
1.03713 -0.50133 -2.4246
1.03818 -0.490649 -2.41216
1.03923 -0.48014 -2.39992
1.04028 -0.46983 -2.38794
1.04132 -0.459662 -2.37645
1.04237 -0.4497 -2.36497
1.04342 -0.439912 -2.35375
1.04447 -0.430102 -2.34296
1.04552 -0.420571 -2.33218
1.04656 -0.411135 -2.32161
1.04761 -0.401465 -2.31133
1.04866 -0.391378 -2.30117
1.04971 -0.379196 -2.2909
1.05075 -0.37587 -2.28083
1.0518 -0.370726 -2.27204
1.05285 -0.363183 -2.2634
1.0539 -0.355102 -2.25483
1.05495 -0.346033 -2.24556
1.05599 -0.33708 -2.23595
1.05704 -0.329431 -2.22776
1.05809 -0.32182 -2.21987
1.05914 -0.314087 -2.21183
1.06018 -0.306326 -2.20296
1.06123 -0.298867 -2.19457
1.06228 -0.291461 -2.18708
1.06333 -0.284074 -2.17961
1.06438 -0.276827 -2.172
1.06542 -0.270034 -2.16402
1.06647 -0.263297 -2.1564
1.06752 -0.256136 -2.14939
1.06857 -0.248718 -2.14255
1.06961 -0.241981 -2.13538
1.07066 -0.237352 -2.12788
1.07171 -0.232806 -2.12104
1.07276 -0.225027 -2.11464
1.07381 -0.218179 -2.10814
1.07485 -0.210684 -2.10135
1.0759 -0.203767 -2.09453
1.07695 -0.198011 -2.08829
1.078 -0.192242 -2.0822
1.07904 -0.186422 -2.07619
1.08009 -0.180313 -2.06982
1.08114 -0.174335 -2.06344
1.08219 -0.168692 -2.05769
1.08324 -0.163079 -2.05214
1.08428 -0.157438 -2.04639
1.08533 -0.151893 -2.04031
1.08638 -0.146425 -2.03468
1.08743 -0.140968 -2.02926
1.08847 -0.135524 -2.02394
1.08952 -0.130181 -2.01855
1.09057 -0.125148 -2.01295
1.09162 -0.120023 -2.00767
1.09267 -0.114734 -2.00261
1.09371 -0.109204 -1.99771
1.09476 -0.104413 -1.99253
1.09581 -0.1008 -1.98726
1.09686 -0.0961977 -1.98247
1.0979 -0.0900976 -1.97775
1.09895 -0.0853863 -1.97303
1.1 -0.0799495 -1.96817
1.1045 -0.0598395 -1.94844
1.109 -0.0405618 -1.92982
1.1135 -0.0220192 -1.91201
1.118 -0.00399662 -1.89549
1.1225 0.0130426 -1.87956
1.127 0.0311432 -1.86449
1.1315 0.0470044 -1.85026
1.136 0.0630325 -1.83658
1.1405 0.0786206 -1.82372
1.145 0.0938672 -1.8114
1.1495 0.108821 -1.79976
1.154 0.123634 -1.78872
1.1585 0.138236 -1.77813
1.163 0.152346 -1.76821
1.1675 0.166483 -1.75869
1.172 0.180477 -1.74965
1.1765 0.194386 -1.74108
1.181 0.208168 -1.73287
1.1855 0.222028 -1.72509
1.19 0.235624 -1.71766
1.1945 0.249364 -1.71057
1.199 0.263091 -1.7038
1.2035 0.276832 -1.69731
1.208 0.290646 -1.69129
1.2125 0.304671 -1.68558
1.217 0.318865 -1.68006
1.2215 0.333636 -1.67468
1.226 0.348019 -1.66948
1.2305 0.362994 -1.66425
1.235 0.37813 -1.65912
1.2395 0.393531 -1.65393
1.244 0.409143 -1.64866
1.2485 0.425072 -1.64341
1.253 0.440849 -1.63789
1.2575 0.457878 -1.63228
1.262 0.474283 -1.62646
1.2665 0.491106 -1.62035
1.271 0.508121 -1.61405
1.2755 0.525391 -1.60729
1.28 0.542893 -1.60025
1.2845 0.560603 -1.59273
1.289 0.578316 -1.58463
1.2935 0.596129 -1.57606
1.298 0.61452 -1.56665
1.3025 0.632678 -1.55636
1.307 0.650564 -1.54491
1.3115 0.667753 -1.53274
1.316 0.684229 -1.52007
1.3205 0.700029 -1.50701
1.325 0.715162 -1.49364
1.3295 0.729632 -1.48004
1.334 0.743558 -1.46627
1.3385 0.756904 -1.45235
1.343 0.769696 -1.43834
1.3475 0.781959 -1.42427
1.352 0.793716 -1.41015
1.3565 0.804987 -1.39602
1.361 0.815787 -1.38188
1.3655 0.826046 -1.36778
1.37 0.836142 -1.3537
1.3745 0.845644 -1.33967
1.379 0.854774 -1.3257
1.3835 0.863525 -1.3118
1.388 0.871912 -1.29798
1.3925 0.879945 -1.28424
1.397 0.887638 -1.2706
1.4015 0.894966 -1.25705
1.406 0.9023 -1.2436
1.4105 0.90895 -1.23025
1.415 0.915417 -1.21702
1.4195 0.921622 -1.2039
1.424 0.927563 -1.19089
1.4285 0.933249 -1.178
1.433 0.938691 -1.16523
1.4375 0.943907 -1.15257
1.442 0.949008 -1.14004
1.4465 0.953559 -1.12763
1.451 0.958113 -1.11534
1.4555 0.962449 -1.10317
1.46 0.966583 -1.09113
1.4645 0.970522 -1.07921
1.469 0.974277 -1.06741
1.4735 0.977852 -1.05573
1.478 0.981259 -1.04418
1.4825 0.984361 -1.03274
1.487 0.98752 -1.02143
1.4915 0.990438 -1.01024
1.496 0.993199 -0.999173
1.5005 0.99581 -0.988227
1.505 0.998277 -0.977391
1.5095 1.00061 -0.966682
1.514 1.0028 -0.956085
1.5185 1.00481 -0.945605
1.523 1.00692 -0.935238
1.5275 1.00868 -0.924991
1.532 1.01038 -0.914854
1.5365 1.01197 -0.904826
1.541 1.01345 -0.894916
1.5455 1.01483 -0.885116
1.55 1.0161 -0.87542
1.5545 1.01727 -0.865837
1.559 1.01846 -0.856359
1.5635 1.01931 -0.84699
1.568 1.0202 -0.837725
1.5725 1.021 -0.828564
1.577 1.02172 -0.819507
1.5815 1.02235 -0.810553
1.586 1.0229 -0.8017
1.5905 1.02338 -0.792947
1.595 1.0238 -0.784293
1.5995 1.024 -0.775739
1.604 1.0243 -0.767281
1.6085 1.02449 -0.758919
1.613 1.02461 -0.750652
1.6175 1.02465 -0.74248
1.622 1.02464 -0.734401
1.6265 1.02456 -0.726415
1.631 1.02442 -0.718519
1.6355 1.02415 -0.710715
1.64 1.02398 -0.702998
1.6445 1.02367 -0.695371
1.649 1.02331 -0.687831
1.6535 1.0229 -0.680377
1.658 1.02244 -0.673009
1.6625 1.02193 -0.665726
1.667 1.02137 -0.658526
1.6715 1.02073 -0.651409
1.676 1.02018 -0.644374
1.6805 1.01947 -0.63742
1.685 1.01874 -0.630546
1.6895 1.01797 -0.623752
1.694 1.01716 -0.617034
1.6985 1.01631 -0.610395
1.703 1.01543 -0.603832
1.7075 1.01449 -0.597346
1.712 1.01364 -0.590933
1.7165 1.01262 -0.584595
1.721 1.0116 -0.57833
1.7255 1.01055 -0.572138
1.73 1.00948 -0.566017
1.7345 1.00838 -0.559966
1.739 1.00724 -0.553985
1.7435 1.00607 -0.548074
1.748 1.00498 -0.542232
1.7525 1.00373 -0.536456
1.757 1.0025 -0.530747
1.7615 1.00124 -0.525105
1.766 0.999964 -0.519528
1.7705 0.998665 -0.514015
1.775 0.997343 -0.508565
1.7795 0.995985 -0.50318
1.784 0.994702 -0.497856
1.7885 0.993302 -0.492595
1.793 0.991906 -0.487393
1.7975 0.990495 -0.482252
1.802 0.989069 -0.47717
1.8065 0.987626 -0.472147
1.811 0.986167 -0.467183
1.8155 0.984663 -0.462276
1.82 0.98323 -0.457425
1.8245 0.981727 -0.452631
1.829 0.980216 -0.447892
1.8335 0.978693 -0.443208
1.838 0.977161 -0.438578
1.8425 0.975618 -0.434001
1.847 0.974073 -0.429478
1.8515 0.972458 -0.425006
1.856 0.970907 -0.420586
1.8605 0.969325 -0.416218
1.865 0.967734 -0.4119
1.8695 0.966134 -0.407632
1.874 0.964525 -0.403412
1.8785 0.962906 -0.399242
1.883 0.96134 -0.395119
1.8875 0.959668 -0.391044
1.892 0.95803 -0.387017
1.8965 0.956389 -0.383035
1.901 0.954743 -0.379099
1.9055 0.953093 -0.375209
1.91 0.951441 -0.371363
1.9145 0.949747 -0.367562
1.919 0.948108 -0.363804
1.9235 0.946443 -0.360089
1.928 0.944773 -0.356418
1.9325 0.943099 -0.352788
1.937 0.941421 -0.349199
1.9415 0.939734 -0.345653
1.946 0.938091 -0.342146
1.9505 0.936394 -0.33868
1.955 0.934708 -0.335253
1.9595 0.933023 -0.331866
1.964 0.931337 -0.328517
1.9685 0.92965 -0.325206
1.973 0.928002 -0.321934
1.9775 0.926277 -0.318699
1.982 0.924589 -0.315501
1.9865 0.922903 -0.312339
1.991 0.921216 -0.309213
1.9955 0.91953 -0.306123
2 0.917856 -0.30307
2.03 0.906654 -0.283566
2.06 0.895556 -0.26549
2.09 0.884597 -0.248725
2.12 0.873814 -0.233172
2.15 0.86323 -0.218735
2.18 0.85287 -0.205327
2.21 0.842747 -0.192868
2.24 0.832874 -0.181285
2.27 0.823259 -0.170511
2.3 0.813907 -0.160482
2.33 0.804821 -0.151143
2.36 0.796002 -0.14244
2.39 0.787448 -0.134325
2.42 0.779157 -0.126754
2.45 0.771125 -0.119686
2.48 0.763349 -0.113083
2.51 0.755822 -0.106912
2.54 0.748539 -0.101139
2.57 0.741495 -0.0957369
2.6 0.734681 -0.0906779
2.63 0.728092 -0.0859377
2.66 0.721722 -0.0814928
2.69 0.715562 -0.0773228
2.72 0.709607 -0.073408
2.75 0.70385 -0.0697309
2.78 0.698283 -0.0662748
2.81 0.692901 -0.0630243
2.84 0.687696 -0.0599655
2.87 0.682663 -0.0570855
2.9 0.677794 -0.0543723
2.93 0.673085 -0.0518147
2.96 0.668529 -0.0494024
2.99 0.664121 -0.0471261
3.02 0.659854 -0.0449764
3.05 0.655725 -0.0429456
3.08 0.651727 -0.0410259
3.11 0.647856 -0.0392105
3.14 0.644106 -0.0374925
3.17 0.640475 -0.0358661
3.2 0.636956 -0.0343254
3.23 0.633546 -0.0328654
3.26 0.630241 -0.0314809
3.29 0.627036 -0.0301676
3.32 0.623929 -0.028921
3.35 0.620915 -0.0277374
3.38 0.617991 -0.0266129
3.41 0.615153 -0.0255441
3.44 0.6124 -0.0245278
3.47 0.609726 -0.023561
3.5 0.60713 -0.0226408
3.53 0.604609 -0.0217646
3.56 0.60216 -0.02093
3.59 0.599781 -0.0201347
3.62 0.597468 -0.0193764
3.65 0.59522 -0.0186532
3.68 0.593034 -0.017963
3.71 0.590908 -0.0173043
3.74 0.588841 -0.0166752
3.77 0.586829 -0.0160743
3.8 0.584872 -0.0155
3.83 0.582966 -0.0149509
3.86 0.581111 -0.0144258
3.89 0.579305 -0.0139234
3.92 0.577546 -0.0134425
3.95 0.575832 -0.0129821
3.98 0.574163 -0.0125412
4.01 0.572536 -0.0121187
4.04 0.57095 -0.0117138
4.07 0.569404 -0.0113255
4.1 0.567896 -0.0109532
4.13 0.566426 -0.0105959
4.16 0.564992 -0.0102531
4.19 0.563592 -0.00992393
4.22 0.562227 -0.00960785
4.25 0.560894 -0.00930424
4.28 0.559593 -0.00901245
4.31 0.558323 -0.00873196
4.34 0.557083 -0.00846231
4.37 0.555871 -0.00820295
4.4 0.554688 -0.00795342
4.43 0.553531 -0.00771328
4.46 0.552402 -0.00748213
4.49 0.551297 -0.00725955
4.52 0.550218 -0.0070452
4.55 0.549162 -0.00683868
4.58 0.54813 -0.00663963
4.61 0.547121 -0.00644779
4.64 0.546134 -0.00626282
4.67 0.545168 -0.00608443
4.7 0.544223 -0.00591234
4.73 0.543298 -0.00574628
4.76 0.542393 -0.00558599
4.79 0.541507 -0.00543129
4.82 0.540639 -0.00528189
4.85 0.53979 -0.00513759
4.88 0.538958 -0.00499818
4.91 0.538143 -0.00486348
4.94 0.537345 -0.00473327
4.97 0.536563 -0.0046074
5 0.535796 -0.0044857
5.05 0.534553 -0.00429164
5.1 0.533351 -0.00410797
5.15 0.532187 -0.00393403
5.2 0.531061 -0.00376922
5.25 0.52997 -0.00361295
5.3 0.528914 -0.0034647
5.35 0.527891 -0.00332399
5.4 0.526899 -0.00319037
5.45 0.525937 -0.00306341
5.5 0.525004 -0.0029427
5.55 0.524099 -0.0028279
5.6 0.523221 -0.00271865
5.65 0.522369 -0.00261464
5.7 0.521541 -0.00251556
5.75 0.520737 -0.00242114
5.8 0.519955 -0.00233112
5.85 0.519196 -0.00224527
5.9 0.518458 -0.00216332
5.95 0.517741 -0.0020851
6 0.517043 -0.00201038
6.05 0.516364 -0.001939
6.1 0.515703 -0.00187077
6.15 0.51506 -0.00180551
6.2 0.514433 -0.00174309
6.25 0.513824 -0.00168334
6.3 0.51323 -0.00162615
6.35 0.512651 -0.00157136
6.4 0.512087 -0.00151888
6.45 0.511537 -0.00146858
6.5 0.511001 -0.00142034
6.55 0.510479 -0.00137407
6.6 0.509969 -0.00132968
6.65 0.509472 -0.00128708
6.7 0.508987 -0.00124617
6.75 0.508514 -0.00120688
6.8 0.508052 -0.00116913
6.85 0.507601 -0.00113285
6.9 0.50716 -0.00109798
6.95 0.50673 -0.00106443
7 0.50631 -0.00103217
7.05 0.5059 -0.00100112
7.1 0.505499 -0.000971234
7.15 0.505107 -0.000942459
7.2 0.504724 -0.000914745
7.25 0.50435 -0.000888045
7.3 0.503984 -0.000862318
7.35 0.503626 -0.00083752
7.4 0.503276 -0.000813606
7.45 0.502934 -0.000790546
7.5 0.5026 -0.000768298
7.55 0.502273 -0.000746831
7.6 0.501953 -0.000726112
7.65 0.501641 -0.000706108
7.7 0.501336 -0.000686792
7.75 0.501038 -0.000668133
7.8 0.500748 -0.00065011
7.85 0.500466 -0.000632686
7.9 0.500194 -0.000615849
7.95 0.499937 -0.000599569
8 0.500357 -0.000583826
8.05 0.499386 -0.000448526
8.1 0.499183 -0.000543674
8.15 0.498828 -0.000436622
8.2 0.49856 -0.000423004
8.25 0.498302 -0.000411435
8.3 0.498051 -0.000400647
8.35 0.497806 -0.000390366
8.4 0.497566 -0.000380491
8.45 0.497332 -0.00037097
8.5 0.497102 -0.000361774
8.55 0.496877 -0.00035288
8.6 0.496657 -0.000344271
8.65 0.49644 -0.000335934
8.7 0.496228 -0.000327857
8.75 0.49602 -0.000320027
8.8 0.495816 -0.000312435
8.85 0.495616 -0.000305072
8.9 0.495419 -0.000297928
8.95 0.495226 -0.000290996
9 0.495037 -0.000284268
9.05 0.49485 -0.000277735
9.1 0.494668 -0.000271393
9.15 0.494488 -0.000265232
9.2 0.494312 -0.000259248
9.25 0.494138 -0.000253433
9.3 0.493968 -0.000247783
9.35 0.493801 -0.000242291
9.4 0.493636 -0.000236951
9.45 0.493474 -0.00023176
9.5 0.493315 -0.000226712
9.55 0.493159 -0.000221802
9.6 0.493005 -0.000217025
9.65 0.492854 -0.000212377
9.7 0.492705 -0.000207855
9.75 0.492559 -0.000203453
9.8 0.492415 -0.000199168
9.85 0.492273 -0.000194996
9.9 0.492134 -0.000190935
9.95 0.491996 -0.000186979
