0	0	0
0.01	6.89733e-06	0
0.02	2.75907e-05	0
0.03	6.20842e-05	0
0.04	0.000110385	0
0.05	0.000172501	0
0.06	0.000248447	-8.23652e-58
0.07	0.000338237	0
0.08	0.000441888	0
0.09	0.000559421	0
0.1	0.00069086	3.26265e-55
0.11	0.00083623	-1.17455e-54
0.12	0.000995562	4.59381e-54
0.13	0.00116889	-3.42448e-53
0.14	0.00135624	1.21945e-52
0.15	0.00155765	0
0.16	0.00177318	0
0.17	0.00200285	0
0.18	0.00224671	-2.40533e-50
0.19	0.00250483	8.97681e-50
0.2	0.00277724	-3.35019e-49
0.21	0.003064	2.50062e-48
0.22	0.00336518	-9.33243e-48
0.23	0.00368083	3.48291e-47
0.24	0.00401102	-1.94976e-46
0.25	0.00435582	4.85107e-46
0.26	0.0047153	-1.81044e-45
0.27	0.00508954	6.75666e-45
0.28	0.00547861	-2.52162e-44
0.29	0.0058826	1.88216e-43
0.3	0.0063016	-7.02433e-43
0.31	0.00673569	2.62152e-42
0.32	0.00718497	-9.78363e-42
0.33	0.00764953	3.6513e-41
0.34	0.00812948	-1.36268e-40
0.35	0.00862493	7.62841e-40
0.36	0.00913598	-2.84696e-39
0.37	0.00966274	1.0625e-38
0.38	0.0102053	-3.9653e-38
0.39	0.0107639	1.47987e-37
0.4	0.0113385	-5.52296e-37
0.41	0.0119294	2.74826e-36
0.42	0.0125366	-1.02566e-35
0.43	0.0131603	3.82783e-35
0.44	0.0138007	-1.42857e-34
0.45	0.0144579	5.33148e-34
0.46	0.015132	-1.98974e-33
0.47	0.0158232	9.28225e-33
0.48	0.0165317	-3.46418e-32
0.49	0.0172577	1.29285e-31
0.5	0.0180013	-3.85999e-31
0.51	0.0187628	1.44057e-30
0.52	0.0195423	-5.37627e-30
0.53	0.02034	2.00645e-29
0.54	0.0211561	-7.48818e-29
0.55	0.0219909	2.79463e-28
0.56	0.0228446	-1.04297e-27
0.57	0.0237174	7.69517e-14
0.58	0.0246095	1.49257e-12
0.59	0.0255213	1.16557e-11
0.6	0.0264529	5.83658e-11
0.61	0.0274046	2.09981e-10
0.62	0.0283767	6.49906e-10
0.63	0.0293695	1.56598e-09
0.64	0.0303833	3.10937e-09
0.65	0.0314184	5.61432e-09
0.66	0.032475	1.10738e-08
0.67	0.0335537	1.8128e-08
0.68	0.0346546	2.97699e-08
0.69	0.0357782	4.82202e-08
0.7	0.0369248	6.86969e-08
0.71	0.0380948	1.09996e-07
0.72	0.0392886	1.52709e-07
0.73	0.0405067	2.23735e-07
0.74	0.0417494	3.11381e-07
0.75	0.0430172	4.25432e-07
0.76	0.0443107	5.80462e-07
0.77	0.0456302	7.71528e-07
0.78	0.0469764	1.02654e-06
0.79	0.0483497	1.33581e-06
0.8	0.0497507	1.75224e-06
0.81	0.05118	2.22465e-06
0.82	0.0526382	2.86129e-06
0.83	0.0541259	3.57502e-06
0.84	0.0556439	4.51445e-06
0.85	0.0571928	5.62802e-06
0.86	0.0587734	6.93931e-06
0.87	0.0603864	8.65037e-06
0.88	0.0620327	1.04553e-05
0.89	0.0637129	1.29989e-05
0.9	0.0654285	1.53957e-05
0.91	0.0671796	1.92423e-05
0.92	0.0689682	2.23269e-05
0.93	0.0707944	2.80496e-05
0.94	0.0726598	3.25843e-05
0.95	0.0745655	4.02228e-05
0.96	0.0765126	4.69434e-05
0.97	0.0785027	5.71427e-05
0.98	0.0805364	6.70745e-05
0.99	0.0826167	8.01217e-05
1	0.0847425	9.49852e-05
1.01	0.0869195	0.000111109
1.02	0.0891433	0.000133532
1.03	0.0914252	0.000151596
1.04	0.0937565	0.000186623
1.05	0.0961485	0.000210799
1.06	0.098595	0.000259533
1.07	0.101105	0.000294061
1.08	0.103675	0.000359372
1.09	0.106313	0.000408039
1.1	0.109015	0.000495027
1.11	0.111789	0.000562701
1.12	0.114635	0.000676293
1.13	0.117555	0.000770369
1.14	0.120559	0.000913427
1.15	0.123631	0.00105058
1.16	0.126807	0.00121924
1.17	0.130052	0.00142045
1.18	0.133401	0.00162855
1.19	0.13683	0.0018982
1.2	0.140366	0.0021593
1.21	0.143993	0.00250908
1.22	0.14773	0.00284389
1.23	0.151564	0.00328824
1.24	0.155512	0.0037112
1.25	0.159568	0.00426377
1.26	0.163744	0.00479792
1.27	0.168045	0.0054777
1.28	0.172452	0.0061611
1.29	0.177011	0.00697788
1.3	0.181662	0.0078491
1.31	0.1865	0.00880725
1.32	0.191438	0.00992341
1.33	0.196553	0.0110904
1.34	0.201757	0.0124867
1.35	0.207171	0.0138782
1.36	0.212669	0.0156272
1.37	0.218358	0.0173025
1.38	0.224148	0.019437
1.39	0.230149	0.0214618
1.4	0.236228	0.0240928
1.41	0.242478	0.0265523
1.42	0.248804	0.029714
1.43	0.255308	0.0326674
1.44	0.261882	0.0364698
1.45	0.268563	0.0400492
1.46	0.275364	0.0445817
1.47	0.282007	0.0490179
1.48	0.288935	0.0541602
1.49	0.295408	0.0597335
1.5	0.302146	0.065352
1.51	0.308445	0.0719982
1.52	0.314842	0.0781942
1.53	0.320822	0.0858308
1.54	0.326695	0.0926524
1.55	0.332248	0.101114
1.56	0.337383	0.108617
1.57	0.342626	0.117631
1.58	0.346581	0.126431
1.59	0.350742	0.135094
1.6	0.354161	0.144534
1.61	0.357297	0.153228
1.62	0.360317	0.162849
1.63	0.362345	0.172195
1.64	0.364357	0.181328
1.65	0.365874	0.190802
1.66	0.366964	0.199827
1.67	0.367988	0.208995
1.68	0.368429	0.218182
1.69	0.368616	0.226978
1.7	0.36869	0.235837
1.71	0.368319	0.244623
1.72	0.36773	0.253099
1.73	0.366997	0.26152
1.74	0.366001	0.269787
1.75	0.364828	0.277876
1.76	0.363514	0.285816
1.77	0.362041	0.293644
1.78	0.360388	0.301326
1.79	0.358595	0.308838
1.8	0.356683	0.316203
1.81	0.35466	0.323418
1.82	0.352531	0.330495
1.83	0.350315	0.337427
1.84	0.348003	0.344247
1.85	0.345598	0.350917
1.86	0.343119	0.357464
1.87	0.340559	0.363874
1.88	0.337948	0.370148
1.89	0.335279	0.376315
1.9	0.332553	0.382355
1.91	0.329779	0.388289
1.92	0.32695	0.394108
1.93	0.324073	0.399809
1.94	0.321175	0.405391
1.95	0.318227	0.410895
1.96	0.315255	0.416276
1.97	0.312252	0.421565
1.98	0.309217	0.426752
1.99	0.30616	0.431842
2	0.303083	0.436837
2.01	0.299989	0.441744
2.02	0.296878	0.446564
2.03	0.293749	0.451301
2.04	0.290605	0.455954
2.05	0.287446	0.460524
2.06	0.284276	0.465013
2.07	0.281097	0.469424
2.08	0.277909	0.473758
2.09	0.274715	0.478017
2.1	0.271516	0.482204
2.11	0.268313	0.486321
2.12	0.265106	0.490369
2.13	0.261895	0.49435
2.14	0.258682	0.498265
2.15	0.255468	0.502116
2.16	0.252254	0.505904
2.17	0.24904	0.509629
2.18	0.245827	0.513295
2.19	0.242616	0.516902
2.2	0.239408	0.520451
2.21	0.236204	0.523944
2.22	0.233003	0.527383
2.23	0.229806	0.530768
2.24	0.226613	0.5341
2.25	0.223426	0.537382
2.26	0.220244	0.540614
2.27	0.217068	0.543796
2.28	0.213897	0.54693
2.29	0.210733	0.550017
2.3	0.207576	0.553058
2.31	0.204426	0.556053
2.32	0.201283	0.559004
2.33	0.198149	0.561911
2.34	0.195024	0.564775
2.35	0.191907	0.567599
2.36	0.188799	0.570382
2.37	0.185699	0.573126
2.38	0.182609	0.575832
2.39	0.179527	0.578499
2.4	0.176455	0.58113
2.41	0.173392	0.583725
2.42	0.170337	0.586284
2.43	0.167292	0.588807
2.44	0.164255	0.591297
2.45	0.161228	0.593752
2.46	0.15821	0.596174
2.47	0.155202	0.598562
2.48	0.152203	0.600919
2.49	0.149215	0.603243
2.5	0.146236	0.605537
2.51	0.143268	0.6078
2.52	0.140311	0.610033
2.53	0.137363	0.612237
2.54	0.134426	0.614411
2.55	0.1315	0.616558
2.56	0.128584	0.618677
2.57	0.125679	0.620769
2.58	0.122784	0.622834
2.59	0.1199	0.624873
2.6	0.117027	0.626887
2.61	0.114164	0.628876
2.62	0.111312	0.63084
2.63	0.108469	0.632779
2.64	0.105638	0.634695
2.65	0.102816	0.636587
2.66	0.100005	0.638456
2.67	0.0972048	0.640302
2.68	0.0944148	0.642126
2.69	0.0916353	0.643927
2.7	0.0888663	0.645707
2.71	0.0861077	0.647466
2.72	0.0833594	0.649203
2.73	0.0806215	0.650921
2.74	0.077894	0.652617
2.75	0.0751769	0.654294
2.76	0.0724702	0.655951
2.77	0.0697741	0.657589
2.78	0.0670885	0.659207
2.79	0.0644134	0.660808
2.8	0.0617487	0.66239
2.81	0.0590942	0.663955
2.82	0.0564495	0.665502
2.83	0.0538147	0.667032
2.84	0.0511897	0.668544
2.85	0.0485744	0.67004
2.86	0.0459689	0.671519
2.87	0.0433733	0.672981
2.88	0.0407875	0.674427
2.89	0.0382117	0.675857
2.9	0.0356457	0.677271
2.91	0.0330895	0.67867
2.92	0.0305431	0.680053
2.93	0.0280065	0.681421
2.94	0.0254795	0.682775
2.95	0.0229622	0.684114
2.96	0.0204545	0.685439
2.97	0.0179564	0.686749
2.98	0.0154679	0.688046
2.99	0.0129888	0.689329
3	0.0105191	0.690599
3.01	0.00805872	0.691856
3.02	0.00560742	0.693099
3.03	0.00316515	0.69433
3.04	0.000731894	0.695548
3.05	-0.00169235	0.696753
3.06	-0.0041075	0.697946
3.07	-0.00651348	0.699126
3.08	-0.00891029	0.700294
3.09	-0.0112979	0.70145
3.1	-0.0136765	0.702594
3.11	-0.016046	0.703727
3.12	-0.0184067	0.704849
3.13	-0.0207586	0.705959
3.14	-0.0231017	0.707059
3.15	-0.0254362	0.708148
3.16	-0.0277621	0.709226
3.17	-0.0300796	0.710294
3.18	-0.0323887	0.711351
3.19	-0.0346895	0.712398
3.2	-0.0369819	0.713435
3.21	-0.039266	0.714461
3.22	-0.0415417	0.715478
3.23	-0.0438091	0.716485
3.24	-0.0460682	0.717482
3.25	-0.048319	0.718469
3.26	-0.0505617	0.719447
3.27	-0.0527964	0.720416
3.28	-0.0550231	0.721375
3.29	-0.0572419	0.722326
3.3	-0.0594527	0.723267
3.31	-0.0616554	0.724199
3.32	-0.0638499	0.725122
3.33	-0.0660362	0.726037
3.34	-0.0682144	0.726944
3.35	-0.0703847	0.727842
3.36	-0.0725472	0.728733
3.37	-0.0747022	0.729615
3.38	-0.0768499	0.73049
3.39	-0.0789903	0.731357
3.4	-0.0811234	0.732216
3.41	-0.0832493	0.733067
3.42	-0.0853677	0.73391
3.43	-0.0874787	0.734746
3.44	-0.0895824	0.735574
3.45	-0.0916786	0.736394
3.46	-0.0937675	0.737207
3.47	-0.095849	0.738013
3.48	-0.0979232	0.738812
3.49	-0.0999902	0.739603
3.5	-0.10205	0.740388
3.51	-0.104103	0.741166
3.52	-0.106148	0.741937
3.53	-0.108187	0.742702
3.54	-0.110219	0.74346
3.55	-0.112244	0.744212
3.56	-0.114262	0.744957
3.57	-0.116273	0.745696
3.58	-0.118278	0.746429
3.59	-0.120276	0.747155
3.6	-0.122268	0.747875
3.61	-0.124252	0.748589
3.62	-0.12623	0.749296
3.63	-0.128202	0.749997
3.64	-0.130166	0.750693
3.65	-0.132124	0.751383
3.66	-0.134075	0.752067
3.67	-0.13602	0.752746
3.68	-0.137959	0.75342
3.69	-0.139891	0.754088
3.7	-0.141817	0.75475
3.71	-0.143737	0.755407
3.72	-0.145651	0.756058
3.73	-0.147559	0.756703
3.74	-0.14946	0.757344
3.75	-0.151354	0.757979
3.76	-0.153243	0.758609
3.77	-0.155125	0.759235
3.78	-0.157002	0.759855
3.79	-0.158872	0.76047
3.8	-0.160737	0.761081
3.81	-0.162596	0.761687
3.82	-0.164449	0.762287
3.83	-0.166296	0.762883
3.84	-0.168137	0.763475
3.85	-0.169973	0.764061
3.86	-0.171802	0.764643
3.87	-0.173626	0.76522
3.88	-0.175444	0.765792
3.89	-0.177256	0.76636
3.9	-0.179062	0.766924
3.91	-0.180862	0.767484
3.92	-0.182657	0.768039
3.93	-0.184447	0.768591
3.94	-0.186231	0.769138
3.95	-0.18801	0.769681
3.96	-0.189783	0.77022
3.97	-0.191551	0.770754
3.98	-0.193313	0.771285
3.99	-0.19507	0.771811
4	-0.196822	0.772334
4.01	-0.198568	0.772853
4.02	-0.200309	0.773368
4.03	-0.202045	0.773879
4.04	-0.203775	0.774386
4.05	-0.2055	0.77489
4.06	-0.207221	0.77539
4.07	-0.208936	0.775886
4.08	-0.210646	0.776378
4.09	-0.212351	0.776867
4.1	-0.214051	0.777353
4.11	-0.215746	0.777834
4.12	-0.217436	0.778313
4.13	-0.219121	0.778788
4.14	-0.220801	0.779259
4.15	-0.222477	0.779727
4.16	-0.224147	0.780191
4.17	-0.225813	0.780652
4.18	-0.227473	0.78111
4.19	-0.229129	0.781565
4.2	-0.230781	0.782016
4.21	-0.232427	0.782464
4.22	-0.234069	0.782908
4.23	-0.235706	0.78335
4.24	-0.237338	0.783788
4.25	-0.238966	0.784223
4.26	-0.240589	0.784655
4.27	-0.242207	0.785084
4.28	-0.243821	0.78551
4.29	-0.24543	0.785933
4.3	-0.247035	0.786353
4.31	-0.248635	0.78677
4.32	-0.25023	0.787184
4.33	-0.251821	0.787595
4.34	-0.253408	0.788004
4.35	-0.25499	0.788409
4.36	-0.256568	0.788812
4.37	-0.258141	0.789212
4.38	-0.259709	0.789609
4.39	-0.261274	0.790003
4.4	-0.262834	0.790395
4.41	-0.26439	0.790784
4.42	-0.265941	0.79117
4.43	-0.267488	0.791554
4.44	-0.269031	0.791935
4.45	-0.270569	0.792314
4.46	-0.272103	0.79269
4.47	-0.273633	0.793064
4.48	-0.275159	0.793435
4.49	-0.276681	0.793804
4.5	-0.278199	0.79417
4.51	-0.279712	0.794534
4.52	-0.281221	0.794896
4.53	-0.282727	0.795255
4.54	-0.284228	0.795612
4.55	-0.285725	0.795967
4.56	-0.287219	0.796319
4.57	-0.288708	0.79667
4.58	-0.290194	0.797018
4.59	-0.291675	0.797363
4.6	-0.293153	0.797707
4.61	-0.294627	0.798048
4.62	-0.296097	0.798387
4.63	-0.297563	0.798724
4.64	-0.299026	0.799059
4.65	-0.300484	0.799392
4.66	-0.301939	0.799722
4.67	-0.30339	0.800051
4.68	-0.304838	0.800377
4.69	-0.306282	0.800701
4.7	-0.307722	0.801023
4.71	-0.309158	0.801343
4.72	-0.31059	0.801662
4.73	-0.312019	0.801978
4.74	-0.313445	0.802292
4.75	-0.314867	0.802604
4.76	-0.316285	0.802914
4.77	-0.317699	0.803223
4.78	-0.31911	0.803529
4.79	-0.320518	0.803833
4.8	-0.321922	0.804136
4.81	-0.323322	0.804436
4.82	-0.324719	0.804735
4.83	-0.326112	0.805032
4.84	-0.327502	0.805327
4.85	-0.328888	0.805621
4.86	-0.330271	0.805912
4.87	-0.331651	0.806202
4.88	-0.333027	0.80649
4.89	-0.3344	0.806776
4.9	-0.335769	0.80706
4.91	-0.337135	0.807343
4.92	-0.338498	0.807624
4.93	-0.339857	0.807903
4.94	-0.341213	0.808181
4.95	-0.342565	0.808457
4.96	-0.343915	0.808732
4.97	-0.345261	0.809004
4.98	-0.346603	0.809275
4.99	-0.347943	0.809545
5	-0.349279	0.809813
5.01	-0.350612	0.810079
5.02	-0.351942	0.810344
5.03	-0.353269	0.810608
5.04	-0.354592	0.81087
5.05	-0.355913	0.81113
5.06	-0.35723	0.811389
5.07	-0.358544	0.811646
5.08	-0.359855	0.811902
5.09	-0.361163	0.812156
5.1	-0.362468	0.812409
5.11	-0.36377	0.81266
5.12	-0.365069	0.81291
5.13	-0.366365	0.813159
5.14	-0.367657	0.813406
5.15	-0.368947	0.813652
5.16	-0.370234	0.813896
5.17	-0.371518	0.814139
5.18	-0.372799	0.81438
5.19	-0.374077	0.81462
5.2	-0.375352	0.814859
5.21	-0.376624	0.815096
5.22	-0.377893	0.815332
5.23	-0.379159	0.815567
5.24	-0.380423	0.8158
5.25	-0.381683	0.816032
5.26	-0.382941	0.816263
5.27	-0.384196	0.816493
5.28	-0.385448	0.816721
5.29	-0.386697	0.816948
5.3	-0.387943	0.817173
5.31	-0.389187	0.817397
5.32	-0.390428	0.81762
5.33	-0.391665	0.817842
5.34	-0.392901	0.818063
5.35	-0.394133	0.818282
5.36	-0.395363	0.8185
5.37	-0.39659	0.818717
5.38	-0.397814	0.818933
5.39	-0.399035	0.819148
5.4	-0.400254	0.819361
5.41	-0.40147	0.819573
5.42	-0.402683	0.819785
5.43	-0.403894	0.819994
5.44	-0.405102	0.820203
5.45	-0.406307	0.820411
5.46	-0.40751	0.820618
5.47	-0.40871	0.820823
5.48	-0.409908	0.821027
5.49	-0.411103	0.821231
5.5	-0.412295	0.821433
5.51	-0.413485	0.821634
5.52	-0.414672	0.821834
5.53	-0.415856	0.822033
5.54	-0.417038	0.822231
5.55	-0.418218	0.822428
5.56	-0.419395	0.822624
5.57	-0.42057	0.822819
5.58	-0.421742	0.823013
5.59	-0.422911	0.823206
5.6	-0.424078	0.823398
5.61	-0.425243	0.823589
5.62	-0.426405	0.823779
5.63	-0.427565	0.823968
5.64	-0.428722	0.824155
5.65	-0.429877	0.824342
5.66	-0.431029	0.824528
5.67	-0.432179	0.824713
5.68	-0.433327	0.824897
5.69	-0.434472	0.825081
5.7	-0.435615	0.825263
5.71	-0.436756	0.825444
5.72	-0.437894	0.825624
5.73	-0.43903	0.825804
5.74	-0.440163	0.825982
5.75	-0.441295	0.826159
5.76	-0.442423	0.826336
5.77	-0.44355	0.826512
5.78	-0.444674	0.826687
5.79	-0.445796	0.82686
5.8	-0.446916	0.827033
5.81	-0.448033	0.827206
5.82	-0.449148	0.827377
5.83	-0.450261	0.827547
5.84	-0.451372	0.827717
5.85	-0.45248	0.827886
5.86	-0.453586	0.828053
5.87	-0.45469	0.82822
5.88	-0.455792	0.828387
5.89	-0.456891	0.828552
5.9	-0.457988	0.828717
5.91	-0.459083	0.82888
5.92	-0.460176	0.829043
5.93	-0.461267	0.829205
5.94	-0.462356	0.829367
5.95	-0.463442	0.829527
5.96	-0.464526	0.829687
5.97	-0.465608	0.829846
5.98	-0.466688	0.830004
5.99	-0.467766	0.830161
6	-0.468842	0.830318
6.01	-0.469915	0.830474
6.02	-0.470987	0.830629
6.03	-0.472056	0.830783
6.04	-0.473123	0.830937
6.05	-0.474189	0.83109
6.06	-0.475252	0.831242
6.07	-0.476313	0.831394
6.08	-0.477372	0.831544
6.09	-0.478429	0.831694
6.1	-0.479484	0.831844
6.11	-0.480537	0.831992
6.12	-0.481588	0.83214
6.13	-0.482637	0.832287
6.14	-0.483684	0.832434
6.15	-0.484729	0.83258
6.16	-0.485772	0.832725
6.17	-0.486813	0.832869
6.18	-0.487852	0.833013
6.19	-0.488889	0.833156
6.2	-0.489925	0.833298
6.21	-0.490958	0.83344
6.22	-0.491989	0.833581
6.23	-0.493018	0.833721
6.24	-0.494046	0.833861
6.25	-0.495071	0.834
6.26	-0.496095	0.834138
6.27	-0.497116	0.834276
6.28	-0.498136	0.834413
6.29	-0.499154	0.834549
6.3	-0.50017	0.834685
6.31	-0.501184	0.83482
6.32	-0.502196	0.834955
6.33	-0.503206	0.835089
6.34	-0.504215	0.835222
6.35	-0.505222	0.835355
6.36	-0.506226	0.835487
6.37	-0.507229	0.835618
6.38	-0.50823	0.835749
6.39	-0.509229	0.835879
6.4	-0.510227	0.836009
6.41	-0.511222	0.836138
6.42	-0.512216	0.836267
6.43	-0.513208	0.836395
6.44	-0.514198	0.836522
6.45	-0.515187	0.836649
6.46	-0.516173	0.836775
6.47	-0.517158	0.836901
6.48	-0.518141	0.837026
6.49	-0.519123	0.83715
6.5	-0.520102	0.837274
6.51	-0.52108	0.837397
6.52	-0.522056	0.83752
6.53	-0.52303	0.837643
6.54	-0.524003	0.837764
6.55	-0.524974	0.837886
6.56	-0.525943	0.838006
6.57	-0.52691	0.838126
6.58	-0.527876	0.838246
6.59	-0.52884	0.838365
6.6	-0.529802	0.838484
6.61	-0.530763	0.838602
6.62	-0.531722	0.838719
6.63	-0.532679	0.838836
6.64	-0.533634	0.838953
6.65	-0.534588	0.839069
6.66	-0.535541	0.839184
6.67	-0.536491	0.839299
6.68	-0.53744	0.839414
6.69	-0.538387	0.839528
6.7	-0.539333	0.839641
6.71	-0.540277	0.839754
6.72	-0.54122	0.839866
6.73	-0.54216	0.839978
6.74	-0.5431	0.84009
6.75	-0.544037	0.840201
6.76	-0.544973	0.840312
6.77	-0.545907	0.840422
6.78	-0.54684	0.840531
6.79	-0.547771	0.84064
6.8	-0.548701	0.840749
6.81	-0.549629	0.840857
6.82	-0.550555	0.840965
6.83	-0.55148	0.841072
6.84	-0.552403	0.841179
6.85	-0.553325	0.841285
6.86	-0.554245	0.841391
6.87	-0.555164	0.841497
6.88	-0.556081	0.841602
6.89	-0.556997	0.841706
6.9	-0.557911	0.84181
6.91	-0.558823	0.841914
6.92	-0.559734	0.842017
6.93	-0.560643	0.84212
6.94	-0.561551	0.842223
6.95	-0.562458	0.842324
6.96	-0.563363	0.842426
6.97	-0.564266	0.842527
6.98	-0.565168	0.842628
6.99	-0.566068	0.842728
7	-0.566967	0.842828
7.01	-0.567865	0.842927
7.02	-0.568761	0.843027
7.03	-0.569655	0.843125
7.04	-0.570548	0.843223
7.05	-0.57144	0.843321
7.06	-0.57233	0.843419
7.07	-0.573219	0.843516
7.08	-0.574106	0.843612
7.09	-0.574992	0.843709
7.1	-0.575876	0.843805
7.11	-0.576759	0.8439
7.12	-0.577641	0.843995
7.13	-0.578521	0.84409
7.14	-0.5794	0.844184
7.15	-0.580277	0.844278
7.16	-0.581153	0.844372
7.17	-0.582027	0.844465
7.18	-0.5829	0.844558
7.19	-0.583772	0.84465
7.2	-0.584642	0.844742
7.21	-0.585511	0.844834
7.22	-0.586379	0.844925
7.23	-0.587245	0.845016
7.24	-0.58811	0.845106
7.25	-0.588973	0.845197
7.26	-0.589835	0.845286
7.27	-0.590696	0.845376
7.28	-0.591555	0.845465
7.29	-0.592413	0.845554
7.3	-0.59327	0.845642
7.31	-0.594125	0.84573
7.32	-0.594979	0.845818
7.33	-0.595832	0.845905
7.34	-0.596683	0.845992
7.35	-0.597533	0.846079
7.36	-0.598382	0.846165
7.37	-0.599229	0.846251
7.38	-0.600075	0.846337
7.39	-0.60092	0.846422
7.4	-0.601763	0.846507
7.41	-0.602606	0.846592
7.42	-0.603446	0.846676
7.43	-0.604286	0.84676
7.44	-0.605124	0.846844
7.45	-0.605961	0.846927
7.46	-0.606797	0.84701
7.47	-0.607631	0.847093
7.48	-0.608464	0.847175
7.49	-0.609296	0.847257
7.5	-0.610127	0.847339
7.51	-0.610956	0.84742
7.52	-0.611784	0.847502
7.53	-0.612611	0.847582
7.54	-0.613436	0.847663
7.55	-0.614261	0.847743
7.56	-0.615084	0.847823
7.57	-0.615906	0.847902
7.58	-0.616726	0.847982
7.59	-0.617545	0.848061
7.6	-0.618364	0.848139
7.61	-0.61918	0.848218
7.62	-0.619996	0.848296
7.63	-0.620811	0.848373
7.64	-0.621624	0.848451
7.65	-0.622436	0.848528
7.66	-0.623247	0.848605
7.67	-0.624056	0.848681
7.68	-0.624865	0.848758
7.69	-0.625672	0.848834
7.7	-0.626478	0.848909
7.71	-0.627283	0.848985
7.72	-0.628087	0.84906
7.73	-0.628889	0.849135
7.74	-0.62969	0.849209
7.75	-0.63049	0.849284
7.76	-0.631289	0.849358
7.77	-0.632087	0.849431
7.78	-0.632884	0.849505
7.79	-0.633679	0.849578
7.8	-0.634474	0.849651
7.81	-0.635267	0.849724
7.82	-0.636059	0.849796
7.83	-0.63685	0.849868
7.84	-0.637639	0.84994
7.85	-0.638428	0.850011
7.86	-0.639215	0.850083
7.87	-0.640002	0.850154
7.88	-0.640787	0.850225
7.89	-0.641571	0.850295
7.9	-0.642354	0.850365
7.91	-0.643135	0.850435
7.92	-0.643916	0.850505
7.93	-0.644695	0.850575
7.94	-0.645474	0.850644
7.95	-0.646251	0.850713
7.96	-0.647027	0.850782
7.97	-0.647802	0.85085
7.98	-0.648576	0.850918
7.99	-0.649349	0.850986
8	-0.650121	0.851054
8.01	-0.650892	0.851122
8.02	-0.651661	0.851189
8.03	-0.65243	0.851256
8.04	-0.653197	0.851323
8.05	-0.653964	0.851389
8.06	-0.654729	0.851455
8.07	-0.655493	0.851521
8.08	-0.656256	0.851587
8.09	-0.657019	0.851653
8.1	-0.65778	0.851718
8.11	-0.65854	0.851783
8.12	-0.659298	0.851848
8.13	-0.660056	0.851913
8.14	-0.660813	0.851977
8.15	-0.661569	0.852042
8.16	-0.662324	0.852106
8.17	-0.663077	0.852169
8.18	-0.66383	0.852233
8.19	-0.664581	0.852296
8.2	-0.665332	0.852359
8.21	-0.666081	0.852422
8.22	-0.66683	0.852485
8.23	-0.667577	0.852547
8.24	-0.668324	0.852609
8.25	-0.669069	0.852671
8.26	-0.669814	0.852733
8.27	-0.670557	0.852795
8.28	-0.6713	0.852856
8.29	-0.672041	0.852917
8.3	-0.672781	0.852978
8.31	-0.673521	0.853039
8.32	-0.674259	0.853099
8.33	-0.674996	0.85316
8.34	-0.675733	0.85322
8.35	-0.676468	0.853279
8.36	-0.677202	0.853339
8.37	-0.677936	0.853399
8.38	-0.678668	0.853458
8.39	-0.6794	0.853517
8.4	-0.68013	0.853576
8.41	-0.68086	0.853634
8.42	-0.681588	0.853693
8.43	-0.682316	0.853751
8.44	-0.683042	0.853809
8.45	-0.683768	0.853867
8.46	-0.684492	0.853924
8.47	-0.685216	0.853982
8.48	-0.685939	0.854039
8.49	-0.68666	0.854096
8.5	-0.687381	0.854153
8.51	-0.688101	0.85421
8.52	-0.68882	0.854266
8.53	-0.689538	0.854322
8.54	-0.690255	0.854379
8.55	-0.690971	0.854434
8.56	-0.691686	0.85449
8.57	-0.6924	0.854546
8.58	-0.693113	0.854601
8.59	-0.693826	0.854656
8.6	-0.694537	0.854711
8.61	-0.695248	0.854766
8.62	-0.695957	0.854821
8.63	-0.696666	0.854875
8.64	-0.697374	0.854929
8.65	-0.69808	0.854983
8.66	-0.698786	0.855037
8.67	-0.699491	0.855091
8.68	-0.700195	0.855144
8.69	-0.700898	0.855198
8.7	-0.701601	0.855251
8.71	-0.702302	0.855304
8.72	-0.703002	0.855357
8.73	-0.703702	0.855409
8.74	-0.704401	0.855462
8.75	-0.705098	0.855514
8.76	-0.705795	0.855566
8.77	-0.706491	0.855618
8.78	-0.707186	0.85567
8.79	-0.70788	0.855722
8.8	-0.708574	0.855773
8.81	-0.709266	0.855824
8.82	-0.709958	0.855875
8.83	-0.710648	0.855926
8.84	-0.711338	0.855977
8.85	-0.712027	0.856028
8.86	-0.712715	0.856078
8.87	-0.713403	0.856128
8.88	-0.714089	0.856178
8.89	-0.714774	0.856228
8.9	-0.715459	0.856278
8.91	-0.716143	0.856328
8.92	-0.716826	0.856377
8.93	-0.717508	0.856426
8.94	-0.718189	0.856476
8.95	-0.718869	0.856525
8.96	-0.719549	0.856573
8.97	-0.720227	0.856622
8.98	-0.720905	0.85667
8.99	-0.721582	0.856719
9	-0.722258	0.856767
9.01	-0.722934	0.856815
9.02	-0.723608	0.856863
9.03	-0.724282	0.856911
9.04	-0.724955	0.856958
9.05	-0.725627	0.857006
9.06	-0.726298	0.857053
9.07	-0.726968	0.8571
9.08	-0.727638	0.857147
9.09	-0.728306	0.857194
9.1	-0.728974	0.85724
9.11	-0.729641	0.857287
9.12	-0.730307	0.857333
9.13	-0.730973	0.85738
9.14	-0.731637	0.857426
9.15	-0.732301	0.857472
9.16	-0.732964	0.857517
9.17	-0.733626	0.857563
9.18	-0.734288	0.857608
9.19	-0.734948	0.857654
9.2	-0.735608	0.857699
9.21	-0.736267	0.857744
9.22	-0.736925	0.857789
9.23	-0.737583	0.857834
9.24	-0.738239	0.857878
9.25	-0.738895	0.857923
9.26	-0.73955	0.857967
9.27	-0.740204	0.858012
9.28	-0.740858	0.858056
9.29	-0.74151	0.8581
9.3	-0.742162	0.858143
9.31	-0.742813	0.858187
9.32	-0.743464	0.858231
9.33	-0.744113	0.858274
9.34	-0.744762	0.858317
9.35	-0.74541	0.85836
9.36	-0.746057	0.858403
9.37	-0.746704	0.858446
9.38	-0.74735	0.858489
9.39	-0.747995	0.858532
9.4	-0.748639	0.858574
9.41	-0.749282	0.858617
9.42	-0.749925	0.858659
9.43	-0.750567	0.858701
9.44	-0.751208	0.858743
9.45	-0.751848	0.858785
9.46	-0.752488	0.858826
9.47	-0.753127	0.858868
9.48	-0.753765	0.858909
9.49	-0.754402	0.858951
9.5	-0.755039	0.858992
9.51	-0.755675	0.859033
9.52	-0.75631	0.859074
9.53	-0.756945	0.859115
9.54	-0.757578	0.859156
9.55	-0.758211	0.859196
9.56	-0.758844	0.859237
9.57	-0.759475	0.859277
9.58	-0.760106	0.859317
9.59	-0.760736	0.859357
9.6	-0.761365	0.859397
9.61	-0.761994	0.859437
9.62	-0.762622	0.859477
9.63	-0.763249	0.859517
9.64	-0.763875	0.859556
9.65	-0.764501	0.859596
9.66	-0.765126	0.859635
9.67	-0.76575	0.859674
9.68	-0.766374	0.859713
9.69	-0.766997	0.859752
9.7	-0.767619	0.859791
9.71	-0.76824	0.85983
9.72	-0.768861	0.859868
9.73	-0.769481	0.859907
9.74	-0.7701	0.859945
9.75	-0.770719	0.859983
9.76	-0.771337	0.860021
9.77	-0.771954	0.860059
9.78	-0.772571	0.860097
9.79	-0.773187	0.860135
9.8	-0.773802	0.860173
9.81	-0.774416	0.86021
9.82	-0.77503	0.860248
9.83	-0.775643	0.860285
9.84	-0.776256	0.860323
9.85	-0.776867	0.86036
9.86	-0.777478	0.860397
9.87	-0.778089	0.860434
9.88	-0.778698	0.86047
9.89	-0.779307	0.860507
9.9	-0.779916	0.860544
9.91	-0.780523	0.86058
9.92	-0.78113	0.860617
9.93	-0.781736	0.860653
9.94	-0.782342	0.860689
9.95	-0.782947	0.860725
9.96	-0.783551	0.860761
9.97	-0.784155	0.860797
9.98	-0.784758	0.860833
9.99	-0.78536	0.860868
10	-0.785962	0.860904
